// Solution
// Instance sans contrainte 20 equipe

// Journee 0
8   6
13   0
19   15
4   17
5   18
11   12
2   14
7   1
16   10
9   3

// Journee 1
11   1
6   16
7   19
14   9
10   13
17   2
15   3
18   0
12   5
4   8

// Journee 2
11   4
1   0
16   18
17   9
15   8
5   2
14   7
12   19
6   10
13   3

// Journee 3
5   8
13   14
0   17
6   19
10   12
1   4
16   7
18   3
11   9
15   2

// Journee 4
12   2
7   9
18   15
1   14
13   19
17   3
5   4
8   10
11   6
16   0

// Journee 5
4   10
12   3
19   18
11   2
5   16
17   8
13   9
7   0
14   6
15   1

// Journee 6
9   16
1   17
2   0
13   12
19   10
14   18
15   4
6   5
8   3
7   11

// Journee 7
13   1
6   15
19   9
16   17
12   14
0   4
18   10
7   3
8   2
11   5

// Journee 8
9   4
7   13
16   12
17   18
10   2
11   0
19   8
1   6
3   14
15   5

// Journee 9
8   7
9   6
2   18
10   0
13   15
4   16
19   3
11   17
1   12
14   5

// Journee 10
5   13
18   9
3   0
17   14
15   7
19   2
11   16
12   8
1   10
6   4

// Journee 11
15   12
11   10
14   16
17   13
3   1
6   18
5   19
8   0
7   4
9   2

// Journee 12
6   7
8   14
9   15
10   3
12   0
5   17
19   4
2   13
11   18
16   1

// Journee 13
9   5
14   15
2   1
8   18
19   11
0   6
3   4
13   16
12   7
10   17

// Journee 14
10   5
7   18
15   16
3   2
12   17
19   1
9   0
13   6
14   4
8   11

// Journee 15
8   16
11   3
14   0
19   17
13   18
4   2
10   15
1   9
12   6
5   7

// Journee 16
4   13
9   8
15   17
5   1
11   14
12   18
3   6
7   10
19   0
16   2

// Journee 17
15   11
1   18
7   17
19   14
3   16
5   0
13   8
6   2
10   9
12   4

// Journee 18
13   11
14   10
6   17
0   15
19   16
18   4
12   9
5   3
7   2
8   1

// Journee 19
1   19
4   14
3   18
17   15
0   12
9   10
16   6
2   5
13   7
11   8

// Journee 20
7   16
17   19
2   15
1   11
18   12
0   9
4   6
10   8
13   5
14   3

// Journee 21
12   10
6   14
15   9
18   16
1   13
4   5
11   19
2   8
3   7
17   0

// Journee 22
14   12
0   19
15   10
4   18
17   6
16   5
3   13
1   8
2   7
9   11

// Journee 23
5   12
18   14
9   19
16   15
17   7
4   1
0   11
6   3
2   10
8   13

// Journee 24
7   15
18   13
12   11
0   14
3   17
8   19
2   4
10   16
9   1
5   6

// Journee 25
7   14
9   17
10   1
18   8
0   5
3   15
2   12
16   19
6   11
13   4

// Journee 26
6   8
18   19
16   11
4   15
14   13
2   3
17   5
0   10
1   7
9   12

// Journee 27
5   11
15   0
6   12
2   19
18   7
1   16
14   8
4   3
17   10
9   13

// Journee 28
6   13
16   14
9   18
5   15
0   2
1   3
17   11
7   12
8   4
10   19

// Journee 29
4   12
8   15
19   7
1   2
16   9
18   6
0   13
14   17
3   11
5   10

// Journee 30
14   11
17   16
5   9
10   4
7   8
1   15
6   0
19   13
18   2
3   12

// Journee 31
13   10
8   9
0   3
2   17
19   6
15   14
12   16
1   5
18   11
4   7

// Journee 32
4   11
6   9
12   1
0   16
15   19
13   17
10   18
3   8
7   5
14   2

// Journee 33
16   13
4   0
19   5
10   14
2   6
15   18
8   12
11   7
17   1
3   9

// Journee 34
4   9
14   1
8   17
3   19
11   13
2   16
18   5
12   15
0   7
10   6

// Journee 35
13   2
9   7
17   12
10   11
14   19
15   6
0   8
3   5
16   4
18   1

// Journee 36
8   5
15   13
0   18
6   1
17   4
19   12
2   11
16   3
9   14
10   7

// Journee 37
7   6
18   17
5   14
0   1
12   13
16   8
11   15
4   19
2   9
3   10
