// Solution
// Instance Middle4

// Journee 0
9   17
10   4
14   12
6   16
0   5
3   2
11   15
13   8
7   1

// Journee 1
14   1
8   17
16   13
11   2
15   9
0   7
4   3
12   6
5   10

// Journee 2
5   12
13   15
0   14
10   11
16   8
17   7
4   1
2   6
9   3

// Journee 3
15   12
1   0
16   9
17   10
14   6
8   2
7   4
11   5
13   3

// Journee 4
9   7
1   17
12   13
4   2
14   8
0   10
11   16
15   5
6   3

// Journee 5
13   11
4   15
0   6
3   14
16   5
12   17
7   10
8   1
2   9

// Journee 6
8   7
15   10
14   16
0   3
11   12
5   1
9   13
17   2
6   4

// Journee 7
7   6
5   13
10   3
15   17
2   0
14   9
16   1
8   11
12   4

// Journee 8
6   13
9   5
12   2
8   15
0   4
3   1
10   14
16   7
11   17

// Journee 9
12   10
0   16
5   17
14   13
15   6
2   7
1   9
3   11
8   4

// Journee 10
5   8
15   0
6   9
4   14
10   1
17   13
2   16
3   12
7   11

// Journee 11
7   14
11   4
13   10
17   16
6   8
3   15
2   5
1   12
9   0

// Journee 12
13   2
0   17
4   16
12   9
14   5
3   7
8   10
11   6
15   1

// Journee 13
11   0
16   15
2   14
9   10
1   6
17   4
5   3
13   7
8   12

// Journee 14
13   0
6   17
14   15
2   1
10   16
11   9
4   5
12   7
3   8

// Journee 15
9   4
7   15
10   2
1   13
12   16
11   14
0   8
17   3
5   6

// Journee 16
11   1
8   9
0   12
14   17
16   3
13   4
15   2
7   5
10   6

// Journee 17
5   11
9   8
17   14
0   13
2   4
12   15
16   6
1   7
3   10

// Journee 18
4   9
10   5
13   1
7   16
15   11
2   17
12   14
6   0
8   3

// Journee 19
10   12
2   3
15   8
5   4
13   6
9   14
11   7
17   1
16   0

// Journee 20
12   3
6   14
7   9
16   11
1   2
17   15
5   0
10   13
4   8

// Journee 21
14   11
7   8
15   16
13   12
4   17
1   5
0   9
3   6
2   10

// Journee 22
15   13
11   3
16   12
0   2
17   8
1   4
14   7
10   9
6   5

// Journee 23
5   9
6   12
16   17
1   15
3   0
2   11
8   13
14   4
10   7

// Journee 24
4   13
0   15
17   6
11   8
16   10
7   3
9   1
12   5
14   2

// Journee 25
8   14
17   12
5   16
10   0
13   9
15   7
1   11
3   4
6   2

// Journee 26
4   10
7   13
8   6
9   16
1   3
15   14
17   5
0   11
2   12

// Journee 27
16   14
12   1
5   15
4   0
13   17
7   2
10   8
6   11
3   9

// Journee 28
8   5
9   6
12   0
7   17
11   10
3   16
1   14
2   13
15   4

// Journee 29
4   11
13   14
3   17
6   1
8   0
10   15
16   2
5   7
9   12

// Journee 30
6   7
8   16
4   12
5   14
11   13
1   10
15   3
9   2
17   0

// Journee 31
6   15
0   1
16   4
2   8
10   17
13   5
7   12
9   11
14   3

// Journee 32
14   10
12   11
17   9
2   15
7   0
13   16
3   5
1   8
4   6

// Journee 33
14   0
9   15
1   16
5   2
3   13
12   8
17   11
4   7
6   10
