// Solution
// Instance Early 4

// Journee 0
6   7
12   0
13   14
17   15
4   1
16   5
2   11
8   10
9   3

// Journee 1
11   3
13   1
15   12
7   17
0   5
14   6
16   10
2   9
4   8

// Journee 2
9   5
7   16
8   14
10   3
4   15
17   6
0   13
1   11
2   12

// Journee 3
13   15
14   16
10   12
3   1
17   5
0   9
2   8
7   4
11   6

// Journee 4
2   17
15   9
0   8
1   12
11   16
4   5
13   6
10   7
14   3

// Journee 5
16   12
4   14
5   1
9   10
7   0
11   17
6   2
8   13
15   3

// Journee 6
8   15
2   1
12   14
4   0
16   6
3   5
9   13
10   17
7   11

// Journee 7
4   9
7   15
1   0
12   11
5   2
13   16
14   17
3   8
10   6

// Journee 8
14   0
3   17
12   13
10   15
1   8
6   4
16   2
9   11
5   7

// Journee 9
13   2
5   14
11   10
17   9
1   15
4   16
0   6
8   12
7   3

// Journee 10
8   5
15   0
17   16
4   11
10   2
6   1
3   13
12   7
9   14

// Journee 11
5   12
0   16
8   9
4   17
11   15
2   14
13   7
6   3
1   10

// Journee 12
8   17
5   13
7   9
10   0
3   2
11   14
15   6
16   1
12   4

// Journee 13
6   9
14   15
17   12
0   2
7   1
11   8
16   3
13   4
5   10

// Journee 14
13   10
8   6
0   17
16   15
1   14
3   4
12   9
2   7
11   5

// Journee 15
6   12
13   11
7   8
14   10
5   15
3   0
16   9
2   4
17   1

// Journee 16
4   10
8   16
17   13
2   15
14   7
0   11
3   12
1   9
5   6

// Journee 17
14   1
7   13
16   17
11   12
5   0
15   2
3   9
6   10
8   4

// Journee 18
9   6
11   0
3   16
10   14
4   2
13   8
1   7
12   17
15   5

// Journee 19
10   5
13   12
16   7
3   15
1   6
17   11
9   0
8   2
14   4

// Journee 20
9   7
11   1
0   14
2   3
15   8
17   10
16   4
12   6
13   5

// Journee 21
6   17
15   16
1   2
0   10
11   9
12   8
14   5
4   7
13   3

// Journee 22
6   13
11   4
9   15
17   14
2   16
0   12
8   1
3   10
7   5

// Journee 23
5   11
12   1
6   14
9   16
2   0
15   7
4   3
13   17
10   8

// Journee 24
16   13
6   15
11   2
10   1
17   8
0   7
3   14
5   4
9   12

// Journee 25
5   16
10   11
1   13
6   0
14   8
17   3
15   4
7   12
9   2

// Journee 26
9   17
14   13
0   4
1   16
12   15
2   10
3   7
6   5
8   11

// Journee 27
15   13
4   12
6   16
17   7
1   5
8   0
10   9
3   11
14   2

// Journee 28
12   3
4   13
0   1
9   8
5   17
15   14
10   16
2   6
11   7

// Journee 29
7   6
12   10
15   17
0   3
11   13
16   8
1   4
14   9
2   5

// Journee 30
5   8
9   4
14   12
16   11
2   13
3   6
7   10
17   0
15   1

// Journee 31
16   14
12   2
8   7
0   15
10   13
17   4
5   3
9   1
6   11

// Journee 32
14   11
15   10
1   17
13   9
7   2
4   6
8   3
12   5
16   0

// Journee 33
7   14
5   9
6   8
10   4
13   0
15   11
1   3
12   16
17   2
