// Solution
// Instance Middle1

// Journee 0
9   6
5   15
14   13
4   0
10   11
1   12
7   2
3   8

// Journee 1
12   3
15   9
0   5
1   14
2   13
11   7
6   10
8   4

// Journee 2
9   5
0   3
11   15
13   6
1   10
8   2
14   4
7   12

// Journee 3
4   9
14   12
10   0
3   1
13   8
15   6
2   11
7   5

// Journee 4
7   15
10   12
11   13
2   14
5   3
1   8
9   0
6   4

// Journee 5
8   7
13   12
0   15
1   6
4   5
2   10
3   11
9   14

// Journee 6
15   14
1   5
13   9
4   3
7   0
2   12
8   10
11   6

// Journee 7
6   7
3   15
10   13
14   8
5   2
0   11
9   1
12   4

// Journee 8
8   15
0   12
9   10
1   11
2   6
14   5
7   3
13   4

// Journee 9
4   11
13   0
8   9
3   2
10   14
12   15
7   1
5   6

// Journee 10
7   13
10   3
6   14
1   0
4   15
8   12
2   9
11   5

// Journee 11
5   12
6   8
13   1
15   10
0   2
11   14
7   4
3   9

// Journee 12
6   12
1   15
2   4
14   7
0   8
3   13
9   11
5   10

// Journee 13
4   10
8   5
14   0
7   9
13   15
2   1
11   12
3   6

// Journee 14
5   13
4   1
6   0
3   14
12   9
7   10
11   8
15   2

// Journee 15
7   14
13   11
0   1
2   15
3   5
4   8
9   12
10   6

// Journee 16
7   6
10   5
15   0
12   14
1   13
4   2
11   9
8   3

// Journee 17
15   13
5   9
4   12
14   10
3   0
6   2
8   1
7   11

// Journee 18
11   4
12   1
14   15
0   9
2   7
10   8
6   5
13   3

// Journee 19
14   11
8   6
10   1
0   4
12   13
15   3
9   2
5   7

// Journee 20
9   4
13   10
5   14
1   2
0   6
15   7
3   12
8   11

// Journee 21
6   9
7   8
11   2
12   10
4   13
5   0
14   3
15   1

// Journee 22
5   11
10   4
9   15
2   0
1   3
12   8
13   7
14   6

// Journee 23
12   2
8   14
15   11
0   13
5   1
4   6
10   7
9   3

// Journee 24
13   2
14   1
11   0
15   8
5   4
10   9
3   7
12   6

// Journee 25
6   15
11   1
9   8
13   14
2   3
0   10
4   7
12   5

// Journee 26
12   0
14   9
2   5
3   4
1   7
10   15
8   13
6   11

// Journee 27
5   8
11   3
15   12
10   2
4   14
0   7
6   1
9   13

// Journee 28
6   13
9   7
12   11
1   4
8   0
15   5
3   10
14   2

// Journee 29
11   10
0   14
6   3
12   7
15   4
1   9
2   8
13   5
