// Solution
// Instance Early 5

// Journee 0
4   10
7   6
9   17
14   12
13   0
1   3
15   5
11   8
16   2

// Journee 1
9   7
0   17
1   15
14   13
16   8
5   2
3   11
6   10
12   4

// Journee 2
13   1
8   15
17   12
11   10
5   0
14   9
7   2
16   3
4   6

// Journee 3
5   11
1   16
4   17
15   9
10   14
0   6
2   13
3   8
7   12

// Journee 4
7   16
2   17
12   13
4   1
14   8
15   6
0   11
3   9
5   10

// Journee 5
6   12
17   14
4   2
13   16
8   0
1   10
15   3
9   11
7   5

// Journee 6
5   8
6   9
10   2
16   11
0   15
3   4
14   7
1   12
13   17

// Journee 7
6   13
9   5
16   12
3   0
15   7
2   11
14   4
17   1
8   10

// Journee 8
11   4
15   13
7   8
10   3
1   0
6   16
5   17
9   12
14   2

// Journee 9
1   14
12   15
7   0
2   6
3   5
16   4
17   11
10   9
8   13

// Journee 10
14   15
17   8
0   4
1   11
10   16
13   7
6   3
9   2
12   5

// Journee 11
4   9
6   8
5   14
7   17
2   1
11   12
10   15
13   3
16   0

// Journee 12
0   12
2   15
13   9
3   14
16   5
17   10
7   1
6   11
8   4

// Journee 13
8   9
2   0
15   16
17   6
1   5
11   14
3   12
7   10
13   4

// Journee 14
6   14
16   17
3   2
11   15
0   10
8   12
1   9
13   5
7   4

// Journee 15
13   10
16   14
12   2
4   15
17   3
0   9
1   8
11   7
5   6

// Journee 16
14   0
9   16
10   12
11   13
17   15
1   6
4   5
7   3
8   2

// Journee 17
9   6
12   0
15   10
5   16
3   17
1   4
2   14
13   8
7   11

// Journee 18
5   12
6   15
0   1
4   3
14   17
2   7
9   13
16   10
8   11

// Journee 19
8   14
11   1
15   17
13   12
2   16
4   0
6   5
10   7
9   3

// Journee 20
10   5
12   3
7   13
0   16
11   17
6   2
8   1
15   4
9   14

// Journee 21
13   11
0   2
15   14
16   6
12   8
5   4
3   7
9   1
10   17

// Journee 22
8   17
16   13
9   15
11   2
4   14
0   5
1   7
12   6
3   10

// Journee 23
13   2
12   10
1   17
3   16
15   8
0   7
11   9
14   5
6   4

// Journee 24
7   15
17   13
10   11
2   3
12   16
5   1
14   6
9   0
4   8

// Journee 25
7   14
4   13
5   15
17   9
3   1
6   0
2   12
11   16
10   8

// Journee 26
15   12
13   14
1   2
4   16
17   7
9   10
0   8
5   3
11   6

// Journee 27
15   0
8   6
11   3
4   12
7   9
14   16
1   13
17   5
2   10

// Journee 28
14   1
16   15
12   9
3   13
2   8
4   7
17   0
10   6
11   5

// Journee 29
4   11
5   13
8   7
6   17
10   1
0   3
12   14
16   9
15   2

// Journee 30
14   11
17   16
12   1
9   8
10   0
13   15
2   4
3   6
5   7

// Journee 31
9   4
15   11
14   10
16   7
0   13
2   5
6   1
12   17
8   3

// Journee 32
8   16
5   9
10   4
11   0
12   7
13   6
17   2
14   3
15   1

// Journee 33
6   7
8   5
12   11
0   14
3   15
10   13
17   4
2   9
16   1
