// Solution
// Instance Middle5

// Journee 0
8   17
15   10
11   0
12   16
1   14
2   6
13   4
7   5
9   3

// Journee 1
5   11
13   10
8   7
0   3
2   16
12   9
14   17
4   6
15   1

// Journee 2
8   16
10   5
13   12
17   6
3   15
4   2
11   14
1   7
9   0

// Journee 3
12   10
15   16
17   9
0   14
1   4
2   13
11   8
7   3
6   5

// Journee 4
5   9
16   13
10   1
14   15
0   4
12   17
6   3
8   2
7   11

// Journee 5
4   14
5   16
0   7
13   8
1   12
17   3
9   11
15   2
10   6

// Journee 6
8   5
11   3
14   10
2   0
4   15
16   17
6   1
9   13
7   12

// Journee 7
8   6
13   1
5   14
7   15
0   16
11   10
17   4
3   12
9   2

// Journee 8
7   13
15   11
6   14
10   0
16   9
3   1
17   2
12   5
4   8

// Journee 9
6   9
5   15
14   13
0   12
3   16
11   17
1   8
2   10
4   7

// Journee 10
4   9
7   6
13   11
10   3
14   16
0   5
15   8
2   12
17   1

// Journee 11
15   0
6   12
17   13
16   7
1   11
5   4
10   9
8   3
14   2

// Journee 12
11   2
9   8
0   6
12   15
4   3
14   7
17   10
13   5
16   1

// Journee 13
10   4
6   16
12   11
15   9
17   7
2   3
0   13
5   1
14   8

// Journee 14
11   4
7   9
1   2
5   17
12   14
15   6
0   8
16   10
13   3

// Journee 15
15   13
4   16
2   5
7   10
8   12
9   1
6   11
14   3
17   0

// Journee 16
4   12
16   11
1   0
17   15
5   3
2   7
13   6
9   14
8   10

// Journee 17
16   14
5   13
9   15
11   1
3   17
4   0
7   2
10   8
12   6

// Journee 18
17   16
12   0
13   9
1   6
2   8
14   4
15   3
10   7
11   5

// Journee 19
9   17
14   11
5   12
4   13
10   2
0   15
16   8
7   1
3   6

// Journee 20
12   3
8   15
7   17
10   13
2   11
14   5
1   9
6   4
16   0

// Journee 21
1   17
10   14
2   4
6   0
11   16
13   7
15   5
3   8
9   12

// Journee 22
14   1
9   7
17   12
3   0
11   13
10   15
16   2
5   6
8   4

// Journee 23
9   5
8   14
13   0
2   17
1   16
12   7
15   4
3   11
6   10

// Journee 24
4   10
7   14
12   2
0   17
1   15
16   6
3   5
11   9
8   13

// Journee 25
5   8
6   7
4   11
16   12
13   14
1   3
2   15
0   9
10   17

// Journee 26
13   2
14   0
7   8
15   17
10   12
4   1
16   5
11   6
3   9

// Journee 27
6   15
7   16
0   2
1   13
9   10
17   5
3   14
8   11
12   4

// Journee 28
6   17
13   15
2   1
11   12
14   9
10   16
8   0
4   5
3   7

// Journee 29
12   1
9   16
17   8
10   11
15   14
5   0
3   13
6   2
7   4

// Journee 30
16   15
1   5
0   10
3   4
12   8
13   17
14   6
11   7
2   9

// Journee 31
6   13
15   12
8   9
17   14
3   2
0   11
16   4
1   10
5   7

// Journee 32
9   6
4   17
12   13
11   15
2   14
7   0
8   1
16   3
5   10

// Journee 33
9   4
6   8
14   12
0   1
15   7
5   2
13   16
17   11
3   10
