// Solution
// Instance Early 6

// Journee 0
5   8
2   0
12   11
14   16
17   9
3   13
7   1
10   15
6   4

// Journee 1
14   0
4   12
11   2
5   15
16   6
13   7
17   1
8   10
9   3

// Journee 2
14   15
1   13
3   16
11   17
6   2
8   0
10   9
4   7
12   5

// Journee 3
13   11
9   6
15   17
12   14
2   16
1   5
0   10
7   3
4   8

// Journee 4
4   10
7   14
12   2
15   16
3   17
0   5
13   9
1   6
11   8

// Journee 5
15   13
8   17
6   14
0   4
1   16
10   11
3   12
9   2
5   7

// Journee 6
15   0
5   9
11   3
8   14
12   1
4   13
17   6
7   2
16   10

// Journee 7
10   5
7   8
16   9
0   12
2   14
1   11
17   4
13   6
15   3

// Journee 8
5   16
14   13
0   6
15   7
3   4
11   9
12   17
1   10
2   8

// Journee 9
9   4
6   12
7   16
11   14
2   5
13   8
3   10
17   0
15   1

// Journee 10
5   11
8   16
1   4
2   15
13   17
9   0
7   12
14   3
10   6

// Journee 11
6   15
16   12
0   3
14   9
2   4
10   13
17   5
8   1
7   11

// Journee 12
13   2
9   15
1   0
4   16
17   14
3   5
8   12
10   7
11   6

// Journee 13
14   1
16   13
12   10
8   9
11   0
7   17
2   3
15   4
5   6

// Journee 14
8   15
14   10
16   11
13   12
0   7
3   6
5   4
17   2
1   9

// Journee 15
6   7
15   11
0   16
4   14
2   1
10   17
13   5
3   8
9   12

// Journee 16
11   4
17   16
6   8
5   14
7   9
10   2
1   3
0   13
12   15

// Journee 17
9   5
11   10
16   17
3   0
15   6
1   7
12   8
13   4
14   2

// Journee 18
8   7
12   13
5   1
9   10
0   11
14   6
16   4
17   3
15   2

// Journee 19
6   13
17   12
4   15
10   14
5   2
7   0
11   16
1   8
3   9

// Journee 20
13   10
5   12
8   6
2   17
4   0
3   15
9   14
11   7
16   1

// Journee 21
14   11
9   7
15   10
4   17
6   0
16   5
1   12
8   2
13   3

// Journee 22
15   12
5   13
10   3
9   16
0   1
17   8
14   7
2   11
4   6

// Journee 23
4   9
11   1
17   15
3   2
7   10
14   5
8   13
12   6
16   0

// Journee 24
10   4
13   0
17   7
12   16
15   8
1   14
6   3
2   9
11   5

// Journee 25
12   3
7   15
10   0
5   17
16   8
2   13
9   1
14   4
6   11

// Journee 26
7   13
1   17
16   15
3   14
2   12
0   9
4   5
6   10
8   11

// Journee 27
9   17
13   14
6   16
1   15
0   8
2   7
3   11
5   10
12   4

// Journee 28
7   6
13   15
0   14
4   1
12   9
5   3
17   11
10   8
16   2

// Journee 29
8   5
4   11
10   1
0   15
14   17
2   6
9   13
12   7
16   3

// Journee 30
0   17
10   12
11   13
3   1
15   9
16   7
4   2
14   8
6   5

// Journee 31
14   12
0   2
6   1
13   16
17   10
15   5
7   4
8   3
9   11

// Journee 32
6   9
17   13
1   2
11   12
15   14
5   0
10   16
3   7
8   4

// Journee 33
16   14
13   1
12   0
6   17
9   8
11   15
4   3
2   10
7   5
