// Solution
// Instance Middle6

// Journee 0
8   14
10   1
11   0
17   13
3   15
16   2
4   7
6   5
9   12

// Journee 1
6   8
7   9
14   10
0   3
11   17
16   5
1   12
13   4
15   2

// Journee 2
6   13
9   17
12   10
16   11
4   15
0   5
3   14
2   7
8   1

// Journee 3
4   10
5   8
7   13
6   17
2   0
16   9
11   14
3   12
15   1

// Journee 4
10   5
11   3
8   7
4   14
13   12
17   15
2   6
1   9
16   0

// Journee 5
4   11
9   5
1   17
13   14
12   16
15   8
0   6
2   10
3   7

// Journee 6
16   14
8   17
12   2
11   10
0   15
3   1
9   13
6   4
7   5

// Journee 7
5   13
1   0
17   12
4   16
14   7
15   6
2   8
3   10
9   11

// Journee 8
8   16
6   9
11   1
14   15
10   0
2   17
5   4
12   7
13   3

// Journee 9
9   4
14   12
13   0
15   16
3   17
1   6
5   2
10   7
8   11

// Journee 10
6   12
16   13
5   15
17   14
1   4
2   3
0   9
8   10
7   11

// Journee 11
5   11
13   2
14   0
15   12
8   9
10   16
17   4
7   1
6   3

// Journee 12
13   10
17   16
7   15
12   0
14   9
1   5
4   2
3   8
11   6

// Journee 13
6   7
5   12
13   11
1   14
10   15
16   3
9   2
17   0
8   4

// Journee 14
4   12
15   9
0   7
13   8
17   10
3   5
14   6
2   11
16   1

// Journee 15
13   1
7   16
4   0
11   15
2   14
17   5
8   12
9   3
10   6

// Journee 16
15   13
7   17
12   11
2   1
16   6
3   4
0   8
10   9
14   5

// Journee 17
13   15
16   17
10   11
5   0
6   1
12   9
7   4
8   3
14   2

// Journee 18
7   6
5   9
0   2
12   15
16   4
17   11
1   10
8   13
14   3

// Journee 19
15   10
17   8
2   16
4   1
6   0
3   13
9   14
7   12
11   5

// Journee 20
15   0
6   14
10   2
16   8
1   13
11   9
17   3
5   7
12   4

// Journee 21
7   8
9   15
1   3
13   16
14   17
0   11
2   12
4   5
6   10

// Journee 22
8   5
11   4
9   6
16   12
0   14
3   2
10   13
15   7
17   1

// Journee 23
17   9
1   15
0   10
2   13
11   16
12   8
7   3
14   4
5   6

// Journee 24
4   13
9   7
15   17
3   0
1   16
10   14
8   2
6   11
12   5

// Journee 25
0   17
10   12
14   13
16   7
2   5
3   6
11   8
15   4
9   1

// Journee 26
12   3
8   6
10   4
5   16
15   14
13   9
1   11
7   0
17   2

// Journee 27
14   1
6   15
5   17
11   12
0   13
7   2
16   10
3   9
4   8

// Journee 28
10   3
15   11
5   14
9   16
17   7
0   12
2   4
1   8
13   6

// Journee 29
7   14
1   2
11   13
3   16
12   17
15   5
9   0
4   6
10   8

// Journee 30
8   15
0   1
14   16
4   3
10   17
11   7
12   6
13   5
2   9

// Journee 31
14   11
12   1
9   8
0   4
16   15
5   3
6   2
13   17
7   10

// Journee 32
4   9
0   16
12   13
2   15
17   6
14   8
1   7
3   11
5   10

// Journee 33
11   2
6   16
12   14
4   17
5   1
9   10
8   0
13   7
15   3
