// Solution
// Instance Early 1

// Journee 0
4   10
15   0
3   2
6   1
13   8
9   14
11   7
12   5

// Journee 1
5   11
8   6
10   3
0   2
15   14
1   4
13   9
7   12

// Journee 2
14   0
15   12
11   2
9   10
1   7
6   3
13   5
8   4

// Journee 3
6   15
4   13
10   2
11   1
3   14
8   12
9   0
5   7

// Journee 4
1   15
0   5
10   14
3   13
2   8
4   7
6   11
9   12

// Journee 5
12   10
5   14
0   4
1   13
15   7
6   2
11   8
3   9

// Journee 6
5   8
9   4
11   0
13   14
1   12
7   2
15   3
10   6

// Journee 7
13   2
14   11
4   12
7   8
0   6
3   5
10   15
1   9

// Journee 8
8   15
2   1
12   14
0   13
4   3
11   9
5   6
10   7

// Journee 9
11   4
12   2
9   6
5   15
10   1
3   0
14   8
13   7

// Journee 10
7   14
6   12
15   11
0   1
10   13
4   5
2   9
3   8

// Journee 11
14   1
11   3
9   15
12   13
0   7
2   5
6   4
8   10

// Journee 12
6   13
7   9
12   11
3   1
2   15
0   8
14   4
5   10

// Journee 13
12   0
8   9
13   15
10   11
1   5
4   2
14   6
3   7

// Journee 14
7   6
12   3
5   9
11   13
0   10
8   1
15   4
14   2

// Journee 15
14   10
9   8
4   15
0   12
5   3
7   1
2   11
13   6

// Journee 16
15   13
4   14
10   12
6   0
3   11
8   2
9   1
7   5

// Journee 17
6   7
13   1
0   15
2   14
10   9
8   3
11   5
12   4

// Journee 18
10   4
9   7
2   0
11   12
5   1
15   6
8   13
14   3

// Journee 19
4   9
13   10
8   14
0   3
5   2
12   7
11   6
15   1

// Journee 20
10   5
1   0
14   13
12   8
3   6
7   4
9   11
15   2

// Journee 21
8   5
13   0
1   2
11   15
12   9
14   7
4   6
3   10

// Journee 22
5   12
13   11
6   14
15   10
2   4
0   9
1   8
7   3

// Journee 23
12   1
3   15
7   0
14   5
9   2
13   4
6   10
8   11

// Journee 24
4   11
7   13
6   9
14   15
1   3
5   0
2   12
10   8

// Journee 25
8   7
13   12
15   9
1   14
3   4
0   11
2   10
6   5

// Journee 26
2   3
11   14
12   15
1   6
8   0
5   4
7   10
9   13

// Journee 27
6   8
9   5
7   15
11   10
0   14
4   1
2   13
3   12

// Journee 28
14   12
5   13
4   0
15   8
2   6
1   10
7   11
9   3

// Journee 29
10   0
14   9
1   11
15   5
2   7
12   6
4   8
13   3
