// Solution
// Instance Early 3

// Journee 0
14   0
6   9
3   2
11   8
12   7
13   4
5   10
15   1

// Journee 1
9   5
0   12
1   13
15   8
2   11
7   10
4   6
14   3

// Journee 2
5   14
12   11
1   2
3   15
6   0
13   7
10   9
8   4

// Journee 3
13   0
7   9
2   14
10   15
6   3
8   1
11   5
12   4

// Journee 4
14   1
2   0
11   10
4   3
15   6
8   12
9   13
5   7

// Journee 5
6   13
11   3
10   14
12   15
0   8
5   4
7   2
1   9

// Journee 6
7   14
9   4
15   13
12   1
10   0
3   5
2   8
11   6

// Journee 7
12   2
3   1
15   9
14   8
0   11
13   5
4   7
10   6

// Journee 8
11   4
9   8
10   12
15   14
0   7
1   6
5   2
13   3

// Journee 9
5   8
12   3
0   1
2   4
10   13
15   7
14   6
9   11

// Journee 10
5   12
8   6
13   14
0   15
4   1
2   10
7   11
9   3

// Journee 11
6   12
13   11
8   7
4   0
2   15
14   9
1   5
3   10

// Journee 12
11   1
4   14
5   15
12   13
6   2
9   0
7   3
8   10

// Journee 13
7   6
10   1
0   5
11   14
2   13
12   9
15   4
3   8

// Journee 14
4   10
14   12
15   11
0   3
1   7
8   13
5   6
9   2

// Journee 15
13   1
0   2
4   15
12   8
14   5
11   7
3   9
6   10

// Journee 16
7   13
8   15
2   1
10   11
5   3
0   9
12   6
14   4

// Journee 17
4   12
6   15
9   7
14   10
3   0
1   11
2   5
13   8

// Journee 18
8   5
10   4
9   6
11   2
7   15
1   0
12   14
3   13

// Journee 19
5   13
1   15
11   12
9   10
3   4
14   7
2   6
8   0

// Journee 20
10   5
7   8
0   4
13   9
3   14
1   12
6   11
15   2

// Journee 21
6   7
15   10
0   14
11   13
2   3
5   1
4   8
9   12

// Journee 22
5   9
12   0
13   15
3   6
1   10
7   4
8   11
14   2

// Journee 23
5   11
14   15
1   4
0   10
13   6
2   9
7   12
8   3

// Journee 24
12   10
8   9
14   13
4   2
6   1
7   0
15   5
3   11

// Journee 25
4   9
6   14
1   3
11   15
0   13
2   12
10   8
7   5

// Journee 26
13   10
14   11
15   12
5   0
3   7
6   4
8   2
9   1

// Journee 27
15   0
8   14
4   13
10   2
7   1
11   9
3   12
6   5

// Journee 28
6   8
9   15
10   3
11   0
13   12
1   14
2   7
4   5

// Journee 29
13   2
4   11
0   6
1   8
9   14
15   3
10   7
12   5
