// Solution
// Instance Middle5

// Journee 0
7   16
2   0
4   15
17   13
1   14
9   10
12   8
3   11
5   6

// Journee 1
4   9
5   13
15   16
2   3
10   14
1   7
8   0
17   11
12   6

// Journee 2
13   10
7   9
11   0
5   16
2   17
12   15
8   1
6   4
14   3

// Journee 3
5   11
6   7
14   12
8   9
0   17
2   13
4   3
10   16
15   1

// Journee 4
12   3
7   8
9   15
13   14
1   16
4   17
0   5
2   11
10   6

// Journee 5
5   9
1   17
11   10
13   15
0   3
12   16
14   7
2   6
4   8

// Journee 6
9   17
11   4
7   13
8   6
12   1
10   0
2   15
14   5
16   3

// Journee 7
10   3
7   15
0   1
12   13
16   8
4   2
17   5
9   14
11   6

// Journee 8
6   13
16   14
15   10
17   12
1   3
2   5
0   9
11   8
7   4

// Journee 9
6   14
15   17
11   13
16   9
0   4
2   12
1   10
3   8
5   7

// Journee 10
10   2
16   17
0   14
11   12
15   8
13   9
1   6
4   5
3   7

// Journee 11
8   5
1   2
15   14
0   13
17   10
16   4
3   6
11   7
9   12

// Journee 12
6   15
0   16
17   7
1   11
13   8
3   9
5   10
12   4
14   2

// Journee 13
15   0
12   10
4   13
1   5
14   8
16   6
17   3
2   7
9   11

// Journee 14
4   10
17   8
6   0
11   14
15   5
12   7
9   1
16   2
13   3

// Journee 15
13   1
6   17
3   15
7   0
11   16
14   4
8   10
9   2
12   5

// Journee 16
9   6
12   0
4   1
11   15
13   16
14   17
3   5
7   10
8   2

// Journee 17
7   6
8   15
9   16
4   14
5   17
3   2
10   13
0   11
1   12

// Journee 18
14   1
5   15
0   12
16   7
2   4
11   9
13   6
10   17
8   3

// Journee 19
14   11
15   13
9   8
4   0
3   16
5   1
6   2
12   17
10   7

// Journee 20
9   4
17   16
13   11
15   12
8   14
1   0
2   10
7   3
6   5

// Journee 21
14   0
11   2
17   9
10   12
16   15
1   8
6   3
13   5
4   7

// Journee 22
6   12
11   3
0   2
1   13
14   9
15   7
16   5
17   4
10   8

// Journee 23
15   11
5   14
4   16
6   1
12   9
0   8
13   7
17   2
3   10

// Journee 24
6   8
10   4
16   13
1   15
17   14
5   2
3   12
9   0
7   11

// Journee 25
13   2
16   11
1   4
3   14
15   6
8   12
10   9
17   0
7   5

// Journee 26
10   5
4   12
8   7
11   1
14   13
17   6
15   3
2   9
16   0

// Journee 27
9   7
13   12
2   16
0   10
5   3
14   6
15   4
17   1
8   11

// Journee 28
7   17
12   14
0   6
10   15
2   8
13   4
16   1
9   3
11   5

// Journee 29
8   17
6   9
13   0
16   12
14   15
3   1
10   11
5   4
7   2

// Journee 30
8   16
14   10
5   0
3   4
13   17
1   9
6   11
7   12
15   2

// Journee 31
7   14
9   5
12   11
2   1
0   15
3   17
16   10
4   6
8   13

// Journee 32
5   12
10   1
6   16
15   9
2   14
0   7
11   17
3   13
8   4

// Journee 33
5   8
4   11
12   2
14   16
3   0
17   15
7   1
9   13
6   10
