// Solution
// Instance Middle1

// Journee 0
10   5
11   4
14   9
0   6
3   13
1   8
7   12
15   2

// Journee 1
13   0
8   9
2   1
10   15
12   6
7   4
14   3
11   5

// Journee 2
9   5
0   15
1   3
12   13
14   7
2   10
6   4
8   11

// Journee 3
6   13
14   12
11   2
9   10
0   7
4   5
8   3
15   1

// Journee 4
8   7
11   14
0   10
3   4
15   6
2   12
9   1
13   5

// Journee 5
13   11
12   10
4   15
0   3
14   8
7   1
2   9
5   6

// Journee 6
10   4
1   14
13   9
0   8
15   5
3   12
7   2
11   6

// Journee 7
14   10
12   11
2   4
5   1
15   7
13   8
3   6
9   0

// Journee 8
9   6
10   3
8   15
5   2
0   11
1   12
13   7
14   4

// Journee 9
4   9
6   8
13   1
11   10
0   14
2   3
12   15
7   5

// Journee 10
6   14
7   9
5   0
3   15
10   13
1   11
8   2
12   4

// Journee 11
15   13
5   12
4   0
2   14
1   6
3   7
10   8
9   11

// Journee 12
7   6
13   2
5   14
12   0
10   1
11   15
3   9
4   8

// Journee 13
8   5
4   13
0   1
15   14
2   6
7   10
3   11
9   12

// Journee 14
2   0
14   13
15   9
4   1
5   3
12   8
11   7
6   10

// Journee 15
14   11
15   10
0   12
6   2
1   9
5   7
8   4
13   3

// Journee 16
4   10
6   15
11   13
0   5
3   14
1   7
8   12
9   2

// Journee 17
5   13
11   1
0   4
14   6
10   9
12   7
2   8
15   3

// Journee 18
5   11
8   6
4   12
9   15
13   14
3   2
7   0
1   10

// Journee 19
14   1
5   9
15   12
10   0
4   3
2   7
11   8
13   6

// Journee 20
9   4
8   14
10   2
5   15
13   12
3   1
6   0
7   11

// Journee 21
6   12
7   15
11   0
10   14
2   13
5   4
8   1
9   3

// Journee 22
5   8
6   7
13   10
11   3
1   2
12   14
0   9
15   4

// Journee 23
7   14
4   11
10   12
2   15
1   5
8   0
6   3
9   13

// Journee 24
15   0
12   2
10   11
6   1
3   5
8   13
9   14
4   7

// Journee 25
9   8
14   15
3   0
11   12
1   13
2   5
4   6
10   7

// Journee 26
12   3
7   13
0   2
1   4
15   8
11   9
14   5
10   6

// Journee 27
14   0
12   1
9   7
13   15
4   2
3   8
6   11
5   10

// Journee 28
6   9
7   8
4   14
1   15
0   13
2   11
3   10
12   5

// Journee 29
15   11
1   0
12   9
7   3
6   5
8   10
13   4
14   2
