// Solution
// Instance Early 5

// Journee 0
11   4
14   12
7   16
5   15
0   6
2   13
9   1
10   17
8   3

// Journee 1
6   12
11   2
4   13
17   9
5   1
14   8
7   0
10   15
16   3

// Journee 2
5   11
17   12
6   16
2   1
0   15
13   9
3   14
4   7
8   10

// Journee 3
4   9
15   11
6   14
0   2
17   13
5   3
1   8
12   7
16   10

// Journee 4
8   5
14   0
1   16
3   17
12   13
2   7
10   9
15   4
11   6

// Journee 5
5   13
10   3
16   12
15   8
11   14
17   4
2   6
7   1
0   9

// Journee 6
11   0
14   15
7   17
4   16
5   2
12   8
13   6
1   10
3   9

// Journee 7
13   1
9   7
12   0
5   16
2   14
17   11
15   3
4   8
6   10

// Journee 8
15   12
8   7
1   0
5   17
10   14
4   6
16   2
9   11
13   3

// Journee 9
6   8
4   12
5   14
0   16
1   17
11   13
15   9
2   10
7   3

// Journee 10
12   2
7   15
13   14
3   0
16   9
17   8
10   11
6   1
5   4

// Journee 11
12   10
13   15
16   17
14   9
4   2
1   11
8   0
6   3
7   5

// Journee 12
8   16
7   13
10   4
9   6
17   14
1   3
11   12
2   15
5   0

// Journee 13
7   14
10   5
16   15
1   4
17   6
0   13
3   12
11   8
2   9

// Journee 14
6   7
13   10
16   11
4   14
8   9
0   17
1   15
2   3
12   5

// Journee 15
0   4
17   15
1   14
13   16
3   11
8   2
5   6
10   7
9   12

// Journee 16
9   5
12   1
10   0
14   16
4   3
13   8
15   6
17   2
11   7

// Journee 17
9   4
13   12
3   15
0   8
11   16
14   6
7   2
17   1
5   10

// Journee 18
15   0
6   17
1   5
10   16
14   7
2   11
9   13
3   8
12   4

// Journee 19
11   3
6   9
8   15
10   12
1   13
2   4
0   7
14   17
16   5

// Journee 20
9   16
0   12
11   15
17   10
13   7
3   6
4   5
8   1
14   2

// Journee 21
17   16
5   9
13   11
7   8
10   2
4   15
0   3
12   14
1   6

// Journee 22
8   6
11   1
2   16
10   13
15   7
3   4
12   17
9   0
14   5

// Journee 23
5   8
13   2
7   9
12   16
6   0
11   17
14   4
3   10
15   1

// Journee 24
14   1
5   12
6   15
4   17
16   7
0   10
3   13
11   9
2   8

// Journee 25
15   17
11   10
3   1
4   0
16   8
6   2
9   14
13   5
7   12

// Journee 26
14   11
13   0
10   1
15   16
17   7
3   5
12   6
9   2
8   4

// Journee 27
7   6
8   14
2   17
3   16
9   10
0   11
1   12
15   5
13   4

// Journee 28
8   17
16   13
9   15
12   11
0   14
3   2
4   1
5   7
10   6

// Journee 29
6   13
9   17
0   1
16   4
7   10
8   12
14   3
15   2
11   5

// Journee 30
4   11
14   13
12   15
16   6
2   5
1   7
10   8
17   0
9   3

// Journee 31
16   14
15   10
0   5
2   12
17   3
1   9
8   13
6   11
7   4

// Journee 32
4   10
12   3
9   8
1   2
15   14
13   17
6   5
7   11
16   0

// Journee 33
15   13
14   10
2   0
17   5
12   9
3   7
6   4
16   1
8   11
