// Solution
// Instance Middle10

// Journee 0
18   17
13   11
7   8
19   15
1   16
0   12
2   6
5   4
9   14
3   10

// Journee 1
5   12
8   14
7   15
17   19
0   4
3   16
10   13
1   6
18   11
2   9

// Journee 2
15   0
9   16
4   14
2   17
8   18
13   19
1   12
3   11
7   5
10   6

// Journee 3
15   13
6   12
18   19
8   9
2   0
7   17
14   16
10   11
4   1
3   5

// Journee 4
6   16
10   14
18   5
4   19
0   8
2   12
13   7
17   11
3   9
15   1

// Journee 5
6   13
8   17
7   9
10   2
11   0
3   1
15   14
4   18
5   19
12   16

// Journee 6
4   10
8   6
0   19
12   13
16   15
1   5
11   9
14   18
17   3
2   7

// Journee 7
14   0
5   13
6   9
12   10
16   11
1   17
8   19
18   2
15   4
7   3

// Journee 8
9   5
1   0
16   17
18   15
14   6
19   12
2   11
10   7
8   4
13   3

// Journee 9
8   16
14   11
17   13
19   7
3   4
12   18
9   0
1   10
5   6
15   2

// Journee 10
11   4
1   19
7   18
3   2
15   8
6   0
13   16
17   10
14   5
9   12

// Journee 11
4   9
7   14
12   3
11   1
5   0
13   18
17   6
10   15
16   19
8   2

// Journee 12
10   5
0   17
1   18
19   6
2   16
12   15
3   14
9   13
11   8
7   4

// Journee 13
5   8
13   1
15   17
12   11
9   19
0   7
10   16
18   3
4   6
14   2

// Journee 14
5   15
17   14
19   11
2   4
13   8
3   6
10   18
1   9
7   12
16   0

// Journee 15
14   12
13   0
17   9
4   16
18   6
3   15
2   5
1   8
7   11
10   19

// Journee 16
14   1
18   9
16   7
0   10
15   6
19   2
12   17
3   8
13   4
11   5

// Journee 17
13   2
0   3
5   17
15   9
18   16
14   19
7   1
10   8
6   11
12   4

// Journee 18
7   6
0   18
3   19
5   16
1   2
14   13
4   17
11   15
9   10
8   12

// Journee 19
10   4
19   18
6   17
13   14
16   9
0   11
7   2
8   1
15   3
12   5

// Journee 20
17   16
12   1
18   8
7   19
2   15
0   13
4   5
10   9
11   6
14   3

// Journee 21
10   3
16   12
5   14
11   17
19   13
6   2
8   0
15   18
9   1
4   7

// Journee 22
18   13
4   15
12   14
17   7
19   16
0   5
1   11
6   3
8   10
9   2

// Journee 23
16   14
5   9
6   8
2   1
4   0
15   7
3   13
10   17
11   18
12   19

// Journee 24
9   4
15   12
11   2
16   6
18   10
7   0
14   17
5   3
19   1
8   13

// Journee 25
5   11
7   16
6   14
2   19
9   8
10   1
0   15
4   3
13   17
18   12

// Journee 26
4   13
15   10
19   9
14   8
3   12
18   1
11   7
16   2
6   5
17   0

// Journee 27
8   5
9   18
0   16
11   13
1   14
15   19
17   4
2   10
3   7
12   6

// Journee 28
9   17
11   3
14   15
19   8
10   12
5   2
1   7
16   4
13   6
18   0

// Journee 29
4   12
9   7
0   14
6   18
17   15
1   13
2   3
19   10
16   5
8   11

// Journee 30
16   18
13   15
3   0
17   8
4   2
5   1
12   9
14   7
11   19
6   10

// Journee 31
7   13
17   12
6   19
1   3
11   14
18   4
15   5
0   9
16   10
2   8

// Journee 32
6   7
0   2
11   10
15   16
18   14
13   12
19   5
17   1
4   8
9   3

// Journee 33
4   11
16   13
9   6
17   18
10   0
1   15
2   14
19   3
12   8
5   7

// Journee 34
13   10
12   2
15   11
18   7
14   9
17   5
19   0
6   4
8   3
16   1

// Journee 35
6   15
14   10
0   1
2   18
3   17
16   8
19   4
12   7
13   5
9   11

// Journee 36
8   15
19   14
5   18
11   12
1   4
0   6
13   9
7   10
16   3
17   2

// Journee 37
8   7
9   15
12   0
3   18
19   17
2   13
6   1
11   16
14   4
5   10
