// Solution
// Instance Early 4

// Journee 0
4   9
15   12
16   13
10   2
5   0
14   7
17   3
1   8
6   11

// Journee 1
9   6
7   17
13   12
4   0
3   2
15   8
1   5
11   14
16   10

// Journee 2
8   6
12   2
15   11
5   16
10   0
17   13
1   9
4   7
14   3

// Journee 3
6   12
13   1
9   15
16   11
0   3
14   17
2   7
4   5
8   10

// Journee 4
13   15
14   16
17   8
3   1
0   6
4   2
11   9
7   12
5   10

// Journee 5
4   13
12   11
15   16
2   1
17   5
0   7
9   14
8   3
6   10

// Journee 6
7   9
4   14
5   15
0   11
3   12
13   6
2   8
10   17
16   1

// Journee 7
10   3
15   7
11   17
1   12
14   6
0   9
13   5
16   2
8   4

// Journee 8
8   16
14   0
10   1
15   6
17   4
13   7
2   11
12   5
9   3

// Journee 9
14   12
7   8
0   16
17   15
4   1
10   13
3   11
2   9
6   5

// Journee 10
12   0
16   17
11   13
9   10
14   8
1   7
2   6
5   3
15   4

// Journee 11
8   5
13   2
4   12
11   1
16   9
0   15
10   14
17   6
7   3

// Journee 12
9   17
6   16
0   13
1   14
4   3
5   2
10   15
12   8
7   11

// Journee 13
4   11
12   10
14   15
13   9
1   6
8   0
16   3
17   2
5   7

// Journee 14
9   5
12   16
2   14
3   13
6   4
10   7
17   0
8   11
15   1

// Journee 15
4   10
5   11
0   1
8   9
17   12
14   13
16   7
6   3
15   2

// Journee 16
6   7
5   14
2   0
10   11
3   15
16   4
8   13
17   1
9   12

// Journee 17
5   13
8   15
14   10
17   9
3   0
1   16
7   2
11   6
12   4

// Journee 18
7   6
16   14
11   3
2   17
10   12
15   5
8   1
9   0
13   4

// Journee 19
13   10
14   1
3   17
16   8
12   15
2   5
7   0
4   6
9   11

// Journee 20
6   13
5   12
8   7
11   2
9   16
15   17
0   14
3   4
1   10

// Journee 21
14   11
15   13
6   8
9   7
1   17
0   12
3   16
5   4
2   10

// Journee 22
6   9
0   2
12   14
1   11
13   16
17   10
15   3
4   8
7   5

// Journee 23
7   14
15   0
4   17
1   13
16   5
2   12
3   6
10   9
11   8

// Journee 24
9   4
13   11
6   15
16   12
0   17
5   1
7   10
3   8
14   2

// Journee 25
12   3
7   16
4   15
11   10
17   14
0   5
6   1
13   8
9   2

// Journee 26
6   14
15   10
1   0
4   16
5   17
12   9
8   2
11   7
13   3

// Journee 27
10   5
6   17
1   3
11   12
16   15
14   9
2   13
0   8
7   4

// Journee 28
7   13
15   14
2   4
16   6
0   10
3   5
17   11
8   12
9   1

// Journee 29
5   8
17   16
11   0
12   13
15   9
6   2
7   1
14   4
3   10

// Journee 30
9   8
1   2
0   4
11   15
3   14
10   16
13   17
12   7
5   6

// Journee 31
11   4
5   9
8   17
12   1
7   15
13   14
2   3
10   6
16   0

// Journee 32
1   4
2   15
6   0
11   16
12   17
9   13
14   5
3   7
10   8

// Journee 33
10   4
8   14
13   0
1   15
2   16
17   7
12   6
3   9
11   5
