// Solution
// Instance Early 1

// Journee 0
14   11
9   6
15   10
0   1
5   2
13   8
7   3
12   4

// Journee 1
6   13
8   15
11   0
3   1
14   9
2   12
7   4
5   10

// Journee 2
13   10
11   2
5   14
12   0
9   8
4   15
1   7
6   3

// Journee 3
4   11
14   13
8   0
2   10
6   5
7   12
3   9
15   1

// Journee 4
9   4
13   2
11   1
0   15
14   7
5   3
8   12
10   6

// Journee 5
4   13
7   9
10   1
0   14
11   12
2   6
15   5
3   8

// Journee 6
12   10
5   0
1   6
7   2
9   13
14   4
15   3
8   11

// Journee 7
13   11
7   8
0   4
10   14
5   1
15   6
3   12
2   9

// Journee 8
8   5
7   13
3   0
1   4
2   14
12   15
10   9
11   6

// Journee 9
4   10
5   12
13   0
6   14
2   3
15   7
11   9
1   8

// Journee 10
9   15
1   2
10   11
12   13
0   6
14   8
4   3
7   5

// Journee 11
14   1
5   13
7   0
3   11
6   4
8   10
15   2
9   12

// Journee 12
6   7
10   3
15   11
12   14
1   13
4   5
9   0
2   8

// Journee 13
2   0
15   14
1   9
12   6
10   7
8   4
11   5
13   3

// Journee 14
5   9
8   6
13   15
4   2
0   10
3   14
1   12
11   7

// Journee 15
6   12
10   4
13   14
0   5
11   15
7   1
8   3
9   2

// Journee 16
14   15
12   11
1   3
2   4
9   10
0   8
13   6
5   7

// Journee 17
11   4
12   3
8   14
2   15
1   5
13   7
0   9
6   10

// Journee 18
9   7
10   12
4   1
3   15
6   0
2   11
14   5
8   13

// Journee 19
5   8
7   14
6   15
10   0
2   1
13   12
3   4
9   11

// Journee 20
4   14
15   9
0   11
3   13
12   7
1   10
8   2
5   6

// Journee 21
6   9
12   1
0   3
15   8
11   14
2   5
7   10
13   4

// Journee 22
13   1
14   0
8   9
3   2
10   15
4   7
6   11
12   5

// Journee 23
4   9
5   11
15   13
6   8
10   2
0   12
1   14
3   7

// Journee 24
7   15
14   10
0   2
11   13
12   9
3   6
5   4
8   1

// Journee 25
15   0
4   12
6   1
2   7
11   8
9   14
13   5
3   10

// Journee 26
7   6
9   5
11   10
1   15
4   0
2   13
12   8
14   3

// Journee 27
10   5
11   3
12   2
8   7
0   13
14   6
15   4
9   1

// Journee 28
14   12
1   0
5   15
10   13
6   2
4   8
7   11
9   3

// Journee 29
15   12
13   9
0   7
1   11
3   5
4   6
10   8
14   2
