// Solution
// Instance Early 12

// Journee 0
12   2
16   13
19   18
9   7
11   10
1   3
15   14
6   5
17   0
4   8

// Journee 1
5   12
8   6
2   19
10   0
18   15
1   14
17   4
11   16
9   13
3   7

// Journee 2
12   11
1   16
6   18
3   2
15   8
13   19
14   7
5   4
9   0
10   17

// Journee 3
11   3
18   9
16   15
1   4
14   19
17   5
2   13
7   0
8   12
6   10

// Journee 4
4   11
12   0
1   17
9   8
3   19
14   16
15   6
18   2
13   5
10   7

// Journee 5
14   11
10   4
9   15
17   8
19   5
1   13
18   3
6   2
12   7
16   0

// Journee 6
12   1
16   18
0   3
14   13
17   15
11   8
4   6
2   9
7   5
10   19

// Journee 7
6   7
0   4
10   14
12   16
18   5
13   17
11   19
8   2
3   9
15   1

// Journee 8
0   19
4   15
13   12
18   7
5   2
14   17
1   8
3   6
16   10
9   11

// Journee 9
6   14
11   1
19   7
16   8
12   15
5   3
10   9
17   2
18   0
13   4

// Journee 10
9   4
17   7
19   16
2   14
1   6
12   18
0   11
15   5
8   10
13   3

// Journee 11
5   9
14   12
17   19
1   18
6   16
0   13
4   2
10   15
8   3
7   11

// Journee 12
8   5
9   17
12   10
0   15
3   16
13   18
19   1
2   7
14   4
11   6

// Journee 13
6   13
15   11
9   16
10   2
3   17
0   5
4   18
14   8
7   1
19   12

// Journee 14
15   13
9   6
0   14
1   2
8   19
16   7
18   10
4   3
12   17
11   5

// Journee 15
12   3
13   10
18   8
14   9
5   1
6   0
11   17
15   19
16   2
7   4

// Journee 16
13   11
8   7
17   18
19   9
2   0
3   15
16   4
14   5
1   10
12   6

// Journee 17
10   3
7   15
0   1
6   17
5   16
18   14
19   4
12   9
13   8
2   11

// Journee 18
10   5
17   16
4   12
6   19
2   15
0   8
13   7
9   1
11   18
14   3

// Journee 19
4   10
6   12
7   17
13   15
8   18
2   3
5   19
11   14
0   9
16   1

// Journee 20
14   0
5   13
4   1
12   8
15   18
16   19
17   11
7   3
9   2
10   6

// Journee 21
16   14
6   15
5   17
3   1
12   13
9   10
18   4
7   2
19   0
8   11

// Journee 22
18   17
15   10
8   9
11   0
19   3
13   16
1   7
2   12
14   6
4   5

// Journee 23
13   2
7   9
5   15
10   1
19   14
4   17
16   6
8   0
18   12
3   11

// Journee 24
4   9
5   8
18   13
15   16
2   1
12   14
19   6
10   11
0   7
17   3

// Journee 25
9   5
14   10
17   12
1   15
3   0
7   19
18   16
2   4
8   13
6   11

// Journee 26
7   14
0   2
4   16
5   18
11   12
15   9
19   13
6   3
10   8
17   1

// Journee 27
13   0
18   19
16   9
17   14
15   7
1   11
2   6
3   12
5   10
8   4

// Journee 28
7   13
8   15
16   11
2   17
3   18
0   6
1   5
19   10
9   14
12   4

// Journee 29
7   6
19   8
11   13
2   16
5   0
3   14
17   10
15   4
18   1
9   12

// Journee 30
8   17
0   18
1   19
6   9
4   14
11   15
10   13
2   5
16   3
7   12

// Journee 31
13   1
19   17
0   12
10   16
11   9
14   18
3   8
4   7
5   6
15   2

// Journee 32
15   0
7   8
16   17
19   11
3   13
10   18
1   9
6   4
12   5
14   2

// Journee 33
8   16
9   18
15   12
11   2
13   14
0   17
4   19
6   1
3   10
5   7

// Journee 34
5   11
8   14
16   12
1   0
7   18
19   15
17   6
13   9
3   4
2   10

// Journee 35
14   1
15   17
4   0
16   5
18   11
7   10
13   6
2   8
12   19
9   3

// Journee 36
11   4
6   8
7   16
14   15
2   18
17   13
9   19
0   10
1   12
3   5

// Journee 37
4   13
5   14
0   16
17   9
10   12
18   6
19   2
8   1
11   7
15   3
