// Solution
// Instance Middle12

// Journee 0
11   4
16   13
8   15
1   17
0   14
18   12
6   3
9   2
7   5
10   19

// Journee 1
5   11
15   16
18   14
2   17
0   6
4   19
12   7
1   9
10   8
13   3

// Journee 2
15   12
14   16
19   17
13   9
18   10
1   6
3   4
5   2
7   0
11   8

// Journee 3
9   5
11   0
8   18
17   14
1   3
16   6
2   13
15   19
7   10
12   4

// Journee 4
4   9
14   1
5   12
10   2
0   16
7   18
19   6
3   15
11   17
8   13

// Journee 5
4   10
6   15
7   8
17   9
1   2
12   14
18   16
19   0
3   11
13   5

// Journee 6
5   8
16   12
11   10
1   15
4   18
17   6
13   19
0   9
2   7
14   3

// Journee 7
9   18
12   1
14   15
19   8
0   17
2   4
16   5
13   6
11   7
3   10

// Journee 8
7   14
15   0
8   9
1   18
17   13
3   2
11   16
5   4
12   19
10   6

// Journee 9
13   10
5   14
0   2
12   11
6   18
7   19
16   8
17   15
4   1
3   9

// Journee 10
12   3
15   11
18   19
7   9
10   1
17   8
2   16
0   5
14   6
13   4

// Journee 11
2   18
19   14
4   17
3   16
0   13
15   7
12   9
8   1
6   11
5   10

// Journee 12
9   16
1   0
12   13
5   19
14   8
15   18
2   11
6   4
7   3
10   17

// Journee 13
18   17
7   13
8   6
9   15
14   10
4   0
2   12
3   5
11   19
16   1

// Journee 14
13   1
6   9
17   12
5   18
11   14
19   3
0   8
16   10
4   7
15   2

// Journee 15
13   11
0   18
7   16
5   15
3   17
9   10
2   6
12   8
19   1
14   4

// Journee 16
6   12
4   15
10   0
3   18
14   13
17   7
1   5
11   9
16   19
2   8

// Journee 17
6   7
11   1
18   13
5   17
9   19
0   12
10   15
16   4
8   3
14   2

// Journee 18
15   13
17   16
12   10
3   0
19   2
7   1
9   14
11   18
6   5
8   4

// Journee 19
12   2
1   19
5   13
7   15
6   17
18   8
10   11
14   9
4   3
16   0

// Journee 20
5   9
13   12
1   16
10   14
19   4
0   7
15   6
18   11
17   2
3   8

// Journee 21
8   17
2   1
4   16
6   19
11   13
14   7
9   0
10   18
15   3
12   5

// Journee 22
8   14
19   9
0   3
18   6
1   4
12   15
13   16
17   11
2   10
5   7

// Journee 23
14   0
17   19
16   15
2   3
13   7
18   1
4   8
6   10
9   12
11   5

// Journee 24
7   6
8   5
9   17
13   2
11   3
19   16
1   14
0   10
12   18
15   4

// Journee 25
4   13
12   0
18   9
3   19
16   17
15   14
2   5
6   1
8   10
7   11

// Journee 26
18   15
16   7
2   14
6   0
13   8
17   4
5   3
19   12
1   10
9   11

// Journee 27
6   13
9   4
14   12
2   19
15   17
5   1
10   16
3   7
18   0
8   11

// Journee 28
19   18
8   7
16   11
13   14
0   15
1   12
6   2
17   3
4   5
10   9

// Journee 29
10   4
2   0
16   9
3   1
14   19
15   8
18   5
13   17
7   12
11   6

// Journee 30
4   14
6   16
8   19
10   13
0   11
1   7
12   17
15   5
18   2
9   3

// Journee 31
16   14
6   8
11   2
9   7
13   15
5   0
18   4
19   10
3   12
17   1

// Journee 32
10   3
19   5
11   15
12   16
13   18
14   17
8   0
7   2
4   6
9   1

// Journee 33
17   18
15   10
0   1
9   8
19   11
3   13
14   5
12   6
16   2
7   4

// Journee 34
8   16
4   12
13   0
6   14
19   15
17   5
1   11
18   3
2   9
10   7

// Journee 35
19   7
0   4
11   12
17   10
14   18
9   13
16   3
8   2
5   6
15   1

// Journee 36
10   5
4   11
9   6
0   19
16   18
7   17
1   13
2   15
3   14
8   12

// Journee 37
14   11
5   16
10   12
18   7
15   9
4   2
19   13
1   8
3   6
17   0
