// Solution
// Instance Late 5

// Journee 0
11   4
16   13
8   15
1   2
14   9
3   10
5   6
7   12
17   0

// Journee 1
6   8
11   2
12   10
9   7
14   13
0   15
4   17
5   3
16   1

// Journee 2
14   0
7   15
4   1
12   16
11   17
3   6
13   5
2   9
8   10

// Journee 3
4   9
7   13
11   3
6   14
10   1
15   5
8   12
17   2
16   0

// Journee 4
6   7
10   4
1   17
8   9
15   16
11   12
0   5
2   14
3   13

// Journee 5
1   3
12   13
17   15
9   10
0   8
2   6
11   16
14   4
7   5

// Journee 6
8   16
12   1
13   0
17   14
11   9
2   7
4   6
15   3
5   10

// Journee 7
5   11
0   3
4   16
2   15
6   1
14   7
17   10
8   13
9   12

// Journee 8
14   11
6   9
12   0
4   15
17   7
5   1
10   13
16   3
2   8

// Journee 9
12   2
7   16
15   10
5   17
1   14
4   3
0   9
11   8
13   6

// Journee 10
9   5
14   10
11   0
2   16
15   6
12   17
8   1
3   7
13   4

// Journee 11
15   12
6   17
0   10
2   13
16   5
9   1
14   3
4   8
7   11

// Journee 12
5   8
15   11
9   16
1   0
17   13
12   14
2   3
7   4
6   10

// Journee 13
7   8
16   17
0   4
3   12
9   13
14   5
2   10
11   6
15   1

// Journee 14
4   12
6   16
11   10
17   8
15   14
1   13
5   2
7   0
3   9

// Journee 15
5   12
13   11
8   14
3   17
15   9
4   2
6   0
7   1
16   10

// Journee 16
9   17
15   13
11   1
0   2
14   16
4   5
12   6
8   3
10   7

// Journee 17
0   1
9   8
3   15
13   17
16   4
12   7
10   6
11   5
14   2

// Journee 18
17   16
6   12
5   14
1   11
8   0
7   10
15   4
9   2
13   3

// Journee 19
13   2
15   17
3   16
0   11
1   7
14   6
10   9
12   5
8   4

// Journee 20
8   7
16   12
13   15
2   17
10   11
1   5
3   14
9   0
6   4

// Journee 21
8   17
13   1
16   15
10   14
0   6
2   12
5   4
7   3
9   11

// Journee 22
13   10
9   6
1   16
14   8
17   5
0   7
3   11
15   2
12   4

// Journee 23
5   15
12   11
17   9
0   14
1   6
3   4
10   16
13   8
7   2

// Journee 24
9   4
15   0
16   14
2   1
10   12
17   6
3   5
13   7
8   11

// Journee 25
13   14
7   17
16   9
4   0
12   15
2   5
1   10
3   8
6   11

// Journee 26
7   9
10   2
4   14
1   15
11   13
16   8
0   12
17   3
6   5

// Journee 27
10   5
12   3
8   6
4   13
16   11
2   0
15   7
9   14
17   1

// Journee 28
8   5
14   15
10   0
13   12
16   7
2   4
17   11
6   3
1   9

// Journee 29
6   15
5   16
3   0
11   14
13   9
1   12
8   2
10   17
4   7

// Journee 30
14   1
9   15
10   3
0   13
16   6
17   4
12   8
2   11
5   7

// Journee 31
4   10
3   1
5   0
15   8
12   9
13   16
14   17
6   2
11   7

// Journee 32
6   13
7   14
4   11
5   9
0   16
17   12
3   2
10   15
1   8

// Journee 33
7   6
14   12
5   13
0   17
1   4
11   15
10   8
16   2
9   3
