// Solution
// Instance Early 3

// Journee 0
4   10
8   5
6   9
0   2
11   13
1   14
15   3
7   12

// Journee 1
14   12
15   8
2   4
3   6
9   0
1   10
11   7
13   5

// Journee 2
0   4
1   3
11   12
15   14
7   2
10   9
8   13
6   5

// Journee 3
5   14
11   0
2   13
12   9
7   1
15   4
3   8
10   6

// Journee 4
4   12
8   9
11   10
0   14
2   3
1   5
15   7
13   6

// Journee 5
4   11
5   12
8   7
14   10
13   15
3   0
6   1
2   9

// Journee 6
8   14
11   1
10   12
6   0
5   4
9   13
3   7
15   2

// Journee 7
7   13
6   15
0   5
4   1
2   14
8   12
3   10
9   11

// Journee 8
5   11
6   14
12   0
1   15
2   8
10   7
13   4
9   3

// Journee 9
9   7
10   0
14   13
11   15
2   5
1   8
3   12
4   6

// Journee 10
4   9
7   14
13   10
6   12
1   2
0   15
5   3
8   11

// Journee 11
6   8
15   12
11   2
13   0
9   1
7   4
14   3
5   10

// Journee 12
14   11
1   0
13   12
15   9
4   3
6   2
8   10
5   7

// Journee 13
10   2
5   15
7   0
1   12
3   13
9   14
11   6
4   8

// Journee 14
7   6
9   5
11   3
12   2
13   1
15   10
4   14
0   8

// Journee 15
8   15
1   13
10   14
0   7
3   4
5   2
6   11
9   12

// Journee 16
9   4
7   15
13   14
0   3
8   1
2   10
12   6
11   5

// Journee 17
5   13
10   1
4   15
0   9
6   3
11   8
12   7
14   2

// Journee 18
10   4
9   6
14   15
12   11
3   2
5   1
8   0
13   7

// Journee 19
11   4
15   13
7   9
5   0
1   6
3   14
2   12
10   8

// Journee 20
5   8
12   1
0   6
13   9
10   15
2   7
3   11
14   4

// Journee 21
12   3
8   6
0   13
11   14
4   5
7   10
9   2
15   1

// Journee 22
6   7
3   1
4   0
10   11
2   15
14   9
13   8
12   5

// Journee 23
15   11
12   13
0   10
14   5
1   9
6   4
7   3
8   2

// Journee 24
10   5
13   11
7   8
0   1
4   2
12   15
14   6
3   9

// Journee 25
6   13
14   1
2   0
9   10
15   5
8   3
7   11
12   4

// Journee 26
9   15
0   12
10   13
14   8
1   11
2   6
3   5
4   7

// Journee 27
15   0
10   3
4   13
2   1
14   7
11   9
12   8
5   6

// Journee 28
14   0
12   10
9   8
1   4
15   6
2   11
7   5
13   3

// Journee 29
13   2
5   9
12   14
3   15
0   11
1   7
6   10
8   4
