// Solution
// Instance Late 4

// Journee 0
5   9
12   10
7   15
17   6
0   11
8   1
16   3
13   4
14   2

// Journee 1
6   12
9   16
4   14
17   15
0   5
1   7
3   13
11   8
2   10

// Journee 2
8   6
10   0
13   15
16   17
14   9
5   1
3   4
2   12
11   7

// Journee 3
9   17
8   14
0   3
10   11
1   4
5   2
13   16
15   6
12   7

// Journee 4
9   4
5   13
2   3
10   14
11   15
16   7
1   6
8   12
17   0

// Journee 5
13   2
9   6
4   15
12   14
3   1
17   7
10   8
11   5
16   0

// Journee 6
6   13
8   5
11   4
16   14
9   15
1   17
2   0
3   12
10   7

// Journee 7
7   14
0   15
13   9
1   12
17   11
5   4
6   3
16   10
2   8

// Journee 8
7   9
0   1
12   16
13   8
17   4
14   6
3   11
15   2
5   10

// Journee 9
4   10
12   11
0   14
1   15
16   8
6   2
13   17
7   5
9   3

// Journee 10
13   11
14   15
17   12
5   16
7   0
1   10
4   6
3   8
9   2

// Journee 11
7   8
0   4
1   13
3   15
11   14
12   9
10   17
16   2
6   5

// Journee 12
13   0
1   16
9   10
12   15
14   5
17   2
7   3
6   11
8   4

// Journee 13
6   7
2   1
4   16
5   17
12   13
0   8
10   15
11   9
14   3

// Journee 14
8   9
16   15
0   6
10   13
1   11
14   17
3   5
2   7
12   4

// Journee 15
8   17
11   2
6   16
14   13
0   12
15   5
1   9
3   10
4   7

// Journee 16
14   1
8   15
16   11
3   17
4   2
13   7
9   0
12   5
6   10

// Journee 17
12   2
4   13
11   1
15   16
14   8
0   7
17   3
10   9
5   6

// Journee 18
5   11
14   0
6   17
10   1
16   9
2   13
15   4
7   12
8   3

// Journee 19
4   12
6   15
5   0
3   14
17   10
11   16
1   8
7   2
9   13

// Journee 20
14   10
0   17
1   2
15   9
16   4
3   7
12   6
13   5
8   11

// Journee 21
4   9
7   6
16   12
3   0
11   13
15   14
2   5
17   1
8   10

// Journee 22
7   13
10   3
5   14
0   16
12   17
6   4
8   2
9   11
15   1

// Journee 23
15   0
12   1
11   10
17   9
4   3
14   7
16   5
2   6
8   13

// Journee 24
5   8
10   2
1   0
15   17
13   12
3   16
9   14
7   4
11   6

// Journee 25
5   12
6   8
14   16
17   13
2   4
0   10
9   1
15   3
7   11

// Journee 26
12   3
13   14
2   15
6   1
10   16
11   17
0   9
4   8
5   7

// Journee 27
10   4
16   13
9   7
0   2
17   14
11   12
15   8
1   5
3   6

// Journee 28
14   11
9   5
2   17
4   0
15   7
12   8
16   1
10   6
13   3

// Journee 29
8   16
6   9
15   11
7   17
10   12
4   1
0   13
2   14
5   3

// Journee 30
15   12
9   8
11   0
1   3
2   16
17   5
7   10
13   6
14   4

// Journee 31
17   16
13   1
8   7
6   14
12   0
15   10
2   11
4   5
3   9

// Journee 32
10   5
15   13
11   3
14   12
4   17
16   6
7   1
8   0
2   9

// Journee 33
13   10
4   11
7   16
5   15
17   8
3   2
1   14
6   0
9   12
