// Solution
// Instance Middle5

// Journee 0
8   17
12   10
9   7
5   16
3   0
1   14
2   13
15   4
11   6

// Journee 1
14   11
12   0
5   15
13   8
16   3
17   2
9   1
7   4
6   10

// Journee 2
6   13
7   16
12   11
3   17
4   0
15   14
1   8
9   2
5   10

// Journee 3
6   9
12   1
0   16
14   13
2   15
11   17
4   5
7   3
10   8

// Journee 4
15   13
6   14
16   11
8   9
3   1
0   7
5   2
17   10
12   4

// Journee 5
8   6
14   0
5   13
17   12
2   16
15   9
4   1
3   10
7   11

// Journee 6
10   1
15   17
11   13
0   6
14   8
3   5
16   4
7   2
9   12

// Journee 7
13   10
11   3
16   12
7   15
1   5
2   8
4   6
9   14
17   0

// Journee 8
9   5
10   4
11   1
7   17
13   12
16   6
0   8
15   3
14   2

// Journee 9
9   4
17   16
5   12
14   10
11   0
15   8
1   7
2   6
3   13

// Journee 10
5   8
4   11
12   2
9   16
6   17
10   0
1   15
3   14
13   7

// Journee 11
13   0
2   1
15   6
17   4
11   8
14   5
16   10
7   12
3   9

// Journee 12
4   13
1   0
16   15
9   10
17   5
14   7
2   11
12   6
8   3

// Journee 13
7   6
9   17
16   14
10   2
1   13
5   0
11   15
3   12
8   4

// Journee 14
4   14
17   13
0   15
2   3
11   9
8   12
6   5
10   7
16   1

// Journee 15
5   11
14   12
7   8
4   2
13   16
10   15
0   9
3   6
17   1

// Journee 16
15   12
2   0
11   10
17   14
16   8
13   9
3   4
6   1
5   7

// Journee 17
9   8
1   2
4   17
3   15
11   14
0   10
16   5
12   7
13   6

// Journee 18
7   13
9   6
1   4
12   16
14   17
8   0
15   5
2   10
3   11

// Journee 19
13   2
6   15
0   12
16   7
5   1
17   11
14   4
8   10
9   3

// Journee 20
7   14
8   16
15   0
5   17
10   13
1   11
4   3
12   9
6   2

// Journee 21
10   5
14   15
4   16
17   8
6   0
1   12
11   7
2   9
13   3

// Journee 22
5   9
13   1
8   14
10   3
15   11
12   17
2   7
6   4
16   0

// Journee 23
0   14
12   13
17   15
3   16
1   9
8   2
4   7
10   6
11   5

// Journee 24
4   10
6   12
1   17
13   15
14   9
0   11
16   2
3   8
7   5

// Journee 25
13   11
8   7
15   16
17   9
0   3
10   14
2   4
1   6
12   5

// Journee 26
4   9
13   14
2   17
10   12
0   5
15   7
11   16
6   3
8   1

// Journee 27
14   1
15   10
16   9
7   0
2   12
17   3
5   6
13   4
8   11

// Journee 28
11   2
7   9
0   17
1   3
12   15
10   16
14   6
5   4
8   13

// Journee 29
6   8
16   13
4   12
10   11
17   7
2   5
9   0
14   3
15   1

// Journee 30
8   5
11   4
9   15
0   2
6   16
12   14
13   17
1   10
3   7

// Journee 31
12   3
5   14
16   17
0   13
7   1
10   9
6   11
15   2
4   8

// Journee 32
8   15
0   4
1   16
11   12
17   6
2   14
5   3
7   10
9   13

// Journee 33
6   7
0   1
4   15
14   16
3   2
12   8
10   17
13   5
9   11
