// Solution
// Instance Middle4

// Journee 0
4   10
14   1
9   5
6   16
3   2
11   15
0   7
13   8
12   17

// Journee 1
9   17
6   14
10   1
0   12
15   5
3   7
16   2
13   4
8   11

// Journee 2
7   6
14   12
16   11
0   17
2   15
4   1
10   8
13   5
9   3

// Journee 3
13   10
15   0
7   8
11   12
3   16
4   2
14   17
1   9
5   6

// Journee 4
12   3
13   1
6   9
11   2
5   16
0   14
15   7
17   10
8   4

// Journee 5
13   11
8   14
7   17
16   9
5   0
1   12
2   10
4   6
15   3

// Journee 6
6   13
16   14
9   15
0   2
4   17
8   1
11   7
3   10
12   5

// Journee 7
9   7
14   15
0   3
13   12
10   11
17   6
5   4
8   2
16   1

// Journee 8
5   17
2   13
3   14
7   1
8   0
15   4
16   10
11   6
9   12

// Journee 9
7   14
15   13
4   16
1   5
12   8
0   9
17   2
3   11
6   10

// Journee 10
16   12
15   8
6   0
5   2
7   10
14   4
17   1
9   11
13   3

// Journee 11
5   8
6   15
11   1
0   16
17   13
2   14
9   10
4   3
12   7

// Journee 12
8   17
0   1
15   16
10   12
14   13
3   6
2   9
7   4
11   5

// Journee 13
12   2
7   16
5   14
0   4
1   6
11   17
10   15
9   13
8   3

// Journee 14
9   4
8   6
15   12
16   13
14   10
11   0
2   1
17   3
5   7

// Journee 15
17   16
7   13
8   9
10   0
1   15
11   14
5   3
6   2
12   4

// Journee 16
4   11
13   0
1   3
16   8
17   15
2   7
9   14
12   6
5   10

// Journee 17
5   11
6   12
17   9
1   16
15   14
10   13
3   4
0   8
7   2

// Journee 18
6   7
5   13
12   0
4   14
16   15
2   3
11   9
1   8
10   17

// Journee 19
8   5
13   14
2   4
10   16
15   6
3   12
9   1
17   0
7   11

// Journee 20
5   9
14   16
2   17
11   13
12   15
7   0
6   3
1   10
4   8

// Journee 21
13   2
11   3
7   9
0   15
1   14
16   5
17   4
8   12
10   6

// Journee 22
8   16
4   13
3   17
15   9
0   6
1   11
2   12
14   5
10   7

// Journee 23
9   16
15   10
1   2
12   14
4   0
17   5
7   3
8   13
6   11

// Journee 24
8   7
17   12
4   15
11   10
2   16
3   1
14   9
0   13
6   5

// Journee 25
11   4
14   0
12   10
15   17
16   7
5   1
13   9
2   6
3   8

// Journee 26
4   12
8   15
6   17
3   0
1   13
10   14
11   16
9   2
7   5

// Journee 27
10   3
12   1
5   15
17   7
13   16
9   0
11   8
6   4
14   2

// Journee 28
10   4
15   11
1   0
17   8
12   16
2   5
13   7
14   6
3   9

// Journee 29
7   15
10   2
9   8
12   11
0   5
6   1
13   17
16   4
14   3

// Journee 30
4   9
17   14
12   13
16   6
0   11
1   7
3   5
8   10
15   2

// Journee 31
14   11
1   17
3   15
4   5
10   9
13   6
2   8
7   12
16   0

// Journee 32
5   12
9   6
16   17
14   8
0   10
3   13
2   11
4   7
15   1

// Journee 33
10   5
6   8
2   0
13   15
1   4
12   9
14   7
17   11
16   3
