// Solution
// Instance Middle2

// Journee 0
4   11
12   2
7   9
14   10
5   15
6   1
8   0
13   3

// Journee 1
12   3
10   4
5   13
1   2
15   8
0   7
9   14
11   6

// Journee 2
5   11
6   15
8   7
12   0
4   1
13   9
3   14
2   10

// Journee 3
2   0
13   12
7   1
11   9
14   5
15   3
6   10
8   4

// Journee 4
13   11
12   1
6   14
4   2
15   7
3   5
9   0
10   8

// Journee 5
4   13
15   9
0   11
1   8
3   10
6   5
7   12
14   2

// Journee 6
7   6
0   1
10   13
12   15
14   8
5   4
3   11
2   9

// Journee 7
9   6
13   14
11   10
3   1
5   0
8   12
7   4
15   2

// Journee 8
6   13
5   12
14   0
9   8
10   1
4   15
2   11
7   3

// Journee 9
4   9
13   2
1   15
11   14
0   10
12   6
8   3
7   5

// Journee 10
8   5
15   0
7   13
10   12
1   11
6   2
14   4
3   9

// Journee 11
15   11
3   0
1   14
2   5
13   8
7   10
4   6
9   12

// Journee 12
8   6
9   5
4   0
11   12
1   13
2   3
14   7
10   15

// Journee 13
15   13
14   12
6   0
3   4
1   9
2   8
5   10
7   11

// Journee 14
13   0
14   15
1   5
2   7
6   3
10   9
8   11
12   4

// Journee 15
11   4
13   10
9   7
0   14
3   2
5   1
15   6
12   8

// Journee 16
10   0
13   15
4   5
8   1
12   7
6   11
9   2
14   3

// Journee 17
1   0
11   13
14   9
2   6
15   4
3   8
10   7
12   5

// Journee 18
5   14
1   4
2   15
9   10
0   8
3   12
13   6
11   7

// Journee 19
7   14
15   12
8   9
2   1
10   11
0   13
4   3
5   6

// Journee 20
10   5
14   1
6   12
7   8
11   2
0   15
13   4
9   3

// Journee 21
6   7
9   4
8   14
10   2
12   11
0   3
13   5
15   1

// Journee 22
0   12
3   15
5   2
13   7
14   6
1   10
9   11
4   8

// Journee 23
5   8
9   15
11   0
10   14
1   12
3   13
7   2
6   4

// Journee 24
15   10
0   4
2   14
12   9
1   7
3   6
8   13
11   5

// Journee 25
13   1
6   9
4   14
0   5
11   15
2   12
3   7
8   10

// Journee 26
14   11
5   9
8   15
1   3
12   13
2   4
7   0
10   6

// Journee 27
4   12
10   3
15   14
0   6
2   13
11   8
9   1
5   7

// Journee 28
11   3
12   10
14   13
1   6
15   5
0   9
8   2
4   7

// Journee 29
4   10
6   8
7   15
11   1
0   2
12   14
5   3
9   13
