// Solution
// Instance Early 2

// Journee 0
4   10
8   7
3   1
12   13
15   9
0   6
2   11
14   5

// Journee 1
15   11
1   0
13   14
9   10
5   2
6   3
7   12
4   8

// Journee 2
7   14
8   5
10   1
3   0
11   13
4   6
15   2
9   12

// Journee 3
4   9
14   12
5   15
1   6
13   8
0   11
2   10
3   7

// Journee 4
6   13
4   1
10   14
15   7
2   12
3   5
9   0
8   11

// Journee 5
11   3
13   1
9   7
2   4
12   15
0   8
14   6
5   10

// Journee 6
12   1
8   15
2   0
14   9
3   4
7   10
13   5
6   11

// Journee 7
11   4
9   5
10   13
7   0
2   6
12   8
14   3
15   1

// Journee 8
6   7
14   15
11   10
0   12
4   5
1   9
8   2
13   3

// Journee 9
14   11
6   12
0   13
1   5
7   2
15   4
8   10
9   3

// Journee 10
6   9
0   14
1   2
11   12
10   15
3   8
13   4
5   7

// Journee 11
5   11
12   3
15   0
1   8
9   13
7   4
6   10
14   2

// Journee 12
13   2
9   8
10   12
0   4
1   14
3   15
11   7
6   5

// Journee 13
7   13
6   15
8   14
10   3
11   1
5   0
9   2
12   4

// Journee 14
15   13
8   6
10   0
2   3
1   7
11   9
14   4
12   5

// Journee 15
13   11
4   14
1   15
0   10
12   9
2   7
5   6
8   3

// Journee 16
4   11
7   9
15   10
14   13
0   5
6   2
3   12
8   1

// Journee 17
9   4
10   2
0   1
12   11
15   14
3   6
8   13
7   5

// Journee 18
5   9
7   15
14   10
2   1
4   0
3   13
8   12
11   6

// Journee 19
13   15
0   3
2   14
6   1
5   4
10   9
11   8
12   7

// Journee 20
12   2
9   6
0   15
1   13
4   3
14   7
10   8
11   5

// Journee 21
5   12
13   0
6   14
15   8
4   2
3   11
9   1
10   7

// Journee 22
5   8
9   15
12   14
6   0
1   11
2   13
3   10
4   7

// Journee 23
7   8
12   0
1   4
3   2
11   14
13   9
15   5
10   6

// Journee 24
7   6
14   1
10   4
8   9
11   0
13   12
2   15
5   3

// Journee 25
4   12
5   13
0   7
3   14
15   6
1   10
2   8
9   11

// Journee 26
6   8
14   0
15   12
4   13
10   11
5   1
7   3
2   9

// Journee 27
13   10
2   5
1   12
8   0
6   4
9   14
15   3
7   11

// Journee 28
12   10
5   14
0   2
11   15
7   1
13   6
3   9
8   4

// Journee 29
10   5
11   2
4   15
1   3
14   8
13   7
0   9
12   6
