// Solution
// Instance Early 6

// Journee 0
12   10
14   15
17   9
5   0
2   13
16   4
1   8
3   7
6   11

// Journee 1
9   5
13   15
11   14
1   12
7   10
16   3
6   4
8   2
17   0

// Journee 2
15   12
8   7
10   1
2   0
14   16
13   17
4   5
6   3
9   11

// Journee 3
4   10
6   12
13   14
5   17
7   0
15   2
16   1
3   9
8   11

// Journee 4
15   11
0   16
7   17
12   13
1   5
3   4
14   6
10   8
2   9

// Journee 5
13   1
0   14
9   10
15   7
11   16
17   2
3   8
5   6
12   4

// Journee 6
14   1
13   11
6   9
7   16
17   12
2   3
8   0
15   4
5   10

// Journee 7
7   9
12   0
15   17
2   14
1   6
16   10
4   8
11   5
13   3

// Journee 8
12   3
13   10
5   14
9   16
6   17
11   0
1   2
15   8
4   7

// Journee 9
6   13
5   15
11   10
0   4
2   16
14   8
7   1
17   3
9   12

// Journee 10
8   5
9   4
10   3
11   2
6   16
17   14
0   13
12   7
15   1

// Journee 11
11   4
16   12
3   1
5   2
13   8
14   7
15   6
17   10
0   9

// Journee 12
16   13
9   15
1   0
17   8
2   12
3   5
11   7
14   4
6   10

// Journee 13
17   16
11   3
14   10
0   15
2   6
12   8
1   9
13   4
5   7

// Journee 14
8   6
11   1
10   0
4   17
16   15
3   14
7   2
9   13
12   5

// Journee 15
7   6
5   13
12   11
0   3
16   8
4   2
10   15
9   14
17   1

// Journee 16
14   12
8   9
5   16
4   1
3   15
6   0
11   17
13   7
2   10

// Journee 17
10   5
4   11
12   2
8   14
15   16
1   3
17   7
9   0
13   6

// Journee 18
7   13
0   1
4   15
11   12
14   9
16   6
17   5
2   8
3   10

// Journee 19
9   17
13   0
6   14
8   15
10   2
1   4
12   16
5   3
7   11

// Journee 20
10   12
3   17
11   15
2   7
14   5
4   6
8   13
9   1
16   0

// Journee 21
1   17
4   14
16   7
0   8
2   11
10   9
12   6
13   5
15   3

// Journee 22
7   14
16   11
0   17
12   15
6   1
3   13
5   4
8   10
9   2

// Journee 23
4   16
13   12
15   9
0   5
17   6
8   1
3   11
10   7
14   2

// Journee 24
15   13
4   12
9   7
2   1
3   0
14   17
16   5
11   8
10   6

// Journee 25
5   11
8   17
9   6
4   13
7   15
0   12
3   2
1   14
10   16

// Journee 26
13   2
15   0
16   9
10   14
1   11
12   17
6   5
7   4
8   3

// Journee 27
5   12
10   4
9   8
14   13
1   16
2   15
0   7
17   11
3   6

// Journee 28
6   8
14   0
12   1
2   4
13   16
11   9
15   5
7   3
10   17

// Journee 29
6   15
0   2
16   17
11   13
12   14
1   10
7   5
8   4
9   3

// Journee 30
14   11
7   8
1   15
3   16
0   6
10   13
2   5
12   9
17   4

// Journee 31
16   14
5   9
15   10
17   13
4   3
0   11
1   7
6   2
8   12

// Journee 32
4   9
5   8
17   15
1   13
0   10
16   2
7   12
11   6
14   3

// Journee 33
6   7
8   16
2   17
4   0
10   11
15   14
5   1
13   9
3   12
