// Solution
// Instance Middle6

// Journee 0
12   2
15   16
17   13
5   0
7   1
3   6
10   9
11   8
14   4

// Journee 1
8   16
12   3
13   11
5   15
0   10
6   1
17   2
9   14
4   7

// Journee 2
10   5
7   9
14   16
0   3
1   4
2   15
11   17
8   13
12   6

// Journee 3
8   6
16   11
1   2
12   14
4   0
17   15
9   13
3   10
7   5

// Journee 4
9   15
13   0
5   17
2   16
14   8
1   11
3   4
7   12
6   10

// Journee 5
15   0
8   17
12   1
4   13
5   14
10   11
16   6
3   7
9   2

// Journee 6
15   13
6   14
7   17
5   2
0   11
16   4
1   10
8   3
9   12

// Journee 7
14   0
6   17
9   8
10   12
1   13
2   3
11   15
16   7
4   5

// Journee 8
13   10
6   9
0   16
17   14
3   1
15   7
2   11
12   5
8   4

// Journee 9
9   4
1   17
0   12
15   8
11   14
6   2
7   10
16   3
13   5

// Journee 10
6   7
13   14
2   0
4   17
11   12
16   5
8   10
3   9
15   1

// Journee 11
4   11
17   9
13   12
7   0
10   16
1   8
15   3
5   6
14   2

// Journee 12
7   13
16   12
1   0
14   15
17   10
3   5
11   9
2   8
6   4

// Journee 13
6   13
9   5
11   3
15   10
1   16
2   4
14   7
8   12
17   0

// Journee 14
4   10
5   8
13   2
16   17
0   6
12   15
3   14
9   1
7   11

// Journee 15
4   12
6   15
8   7
10   2
1   14
13   16
17   3
9   0
11   5

// Journee 16
14   10
16   9
5   1
0   8
12   17
7   2
15   4
11   6
13   3

// Journee 17
10   4
16   13
2   1
0   15
12   9
14   17
7   3
6   5
8   11

// Journee 18
5   11
16   14
6   12
1   15
3   0
17   8
10   13
2   9
7   4

// Journee 19
8   5
13   1
11   2
9   16
0   4
3   17
10   14
15   6
12   7

// Journee 20
7   6
0   1
12   11
16   15
9   10
2   5
13   8
17   4
14   3

// Journee 21
5   9
15   12
11   10
14   13
3   16
8   0
2   7
4   6
17   1

// Journee 22
8   15
4   14
17   7
0   5
2   12
13   6
16   10
1   9
3   11

// Journee 23
5   12
2   17
15   14
0   9
6   3
10   8
11   7
13   4
16   1

// Journee 24
17   16
7   8
4   15
10   0
1   5
2   13
14   6
3   12
9   11

// Journee 25
7   14
12   0
10   1
17   6
13   9
4   3
11   16
15   5
8   2

// Journee 26
5   13
15   11
17   12
14   9
4   2
1   6
3   8
10   7
16   0

// Journee 27
11   4
9   6
15   17
0   14
12   16
3   13
8   1
2   10
5   7

// Journee 28
14   11
6   8
5   16
15   9
3   2
0   13
1   7
10   17
12   4

// Journee 29
9   17
7   16
8   14
12   10
11   0
13   15
4   1
2   6
5   3

// Journee 30
10   3
7   15
8   9
0   2
4   16
1   12
13   17
14   5
6   11

// Journee 31
14   12
11   1
0   17
16   8
13   7
5   4
15   2
9   3
10   6

// Journee 32
4   9
6   16
11   13
1   3
2   14
17   5
0   7
10   15
12   8

// Journee 33
14   1
9   7
12   13
3   15
6   0
17   11
16   2
4   8
5   10
