// Solution
// Instance Early 10

// Journee 0
14   11
5   9
18   15
2   16
3   17
0   12
19   10
1   7
4   6
8   13

// Journee 1
8   7
9   16
14   15
10   12
4   0
17   5
18   2
19   1
13   6
3   11

// Journee 2
6   16
8   18
17   14
0   15
19   13
3   12
4   5
2   10
9   1
7   11

// Journee 3
4   11
7   16
19   9
12   14
5   18
2   3
10   13
15   6
8   1
17   0

// Journee 4
12   2
18   19
6   14
16   11
4   15
3   0
17   8
5   1
7   10
9   13

// Journee 5
13   1
15   12
7   17
10   0
19   16
18   4
3   14
2   8
6   5
9   11

// Journee 6
11   2
12   1
9   7
13   15
18   14
8   19
0   6
4   3
16   5
17   10

// Journee 7
4   9
1   18
17   13
6   19
10   11
16   15
0   5
12   8
3   7
14   2

// Journee 8
8   5
18   13
3   16
4   1
14   7
12   17
0   9
11   19
15   2
10   6

// Journee 9
9   17
6   12
16   13
11   1
14   10
7   19
3   15
5   2
18   0
4   8

// Journee 10
8   6
13   11
17   19
0   2
1   16
10   15
18   12
14   5
4   7
3   9

// Journee 11
9   18
12   13
5   19
4   2
14   8
15   7
17   11
6   3
1   10
16   0

// Journee 12
18   17
10   3
0   19
8   15
13   14
12   11
4   16
6   1
2   9
7   5

// Journee 13
14   1
4   13
15   17
16   18
9   10
0   7
5   3
6   2
19   12
11   8

// Journee 14
9   6
13   0
14   16
1   3
19   4
15   5
17   2
11   18
7   12
8   10

// Journee 15
4   10
5   12
7   13
19   14
2   1
3   18
15   9
16   8
17   6
0   11

// Journee 16
10   5
13   2
17   16
0   1
4   14
18   7
12   9
15   19
8   3
11   6

// Journee 17
5   13
15   11
1   17
18   6
19   3
10   16
8   0
7   2
9   14
12   4

// Journee 18
5   11
7   6
16   12
2   19
8   9
0   14
1   15
4   17
18   10
3   13

// Journee 19
6   7
16   14
5   15
4   18
13   19
0   10
1   12
11   9
17   3
8   2

// Journee 20
13   10
2   0
16   9
15   8
1   5
11   17
18   3
14   6
12   19
7   4

// Journee 21
15   0
9   19
13   18
2   14
17   4
7   1
16   3
12   5
6   10
8   11

// Journee 22
5   8
6   9
15   10
19   7
0   13
12   18
16   4
2   11
17   1
14   3

// Journee 23
10   4
9   15
2   17
13   12
18   16
19   5
6   0
11   14
1   8
7   3

// Journee 24
8   17
14   12
0   18
19   15
2   4
3   5
13   7
10   9
6   11
16   1

// Journee 25
11   4
12   3
1   19
0   17
14   9
13   8
2   6
15   18
16   10
5   7

// Journee 26
9   4
6   15
3   1
12   16
18   5
19   11
2   13
7   0
14   17
10   8

// Journee 27
8   16
0   3
1   13
11   15
4   19
14   18
12   7
10   17
5   6
9   2

// Journee 28
9   5
8   14
17   18
7   15
10   1
11   0
3   19
16   6
2   12
13   4

// Journee 29
15   13
11   3
12   0
6   17
19   8
2   18
16   7
1   9
14   4
5   10

// Journee 30
19   18
7   9
17   12
11   10
1   14
0   8
3   6
15   4
13   5
16   2

// Journee 31
15   16
17   9
18   8
0   4
11   12
14   19
1   6
2   5
10   7
13   3

// Journee 32
10   2
7   18
5   17
15   14
1   4
13   9
11   16
19   0
12   6
3   8

// Journee 33
6   13
14   0
9   8
5   16
1   2
17   7
12   15
3   4
18   11
10   19

// Journee 34
16   17
14   13
19   6
3   2
5   0
10   18
11   7
8   4
9   12
15   1

// Journee 35
7   8
12   10
5   14
0   16
11   13
17   15
19   2
18   1
6   4
9   3

// Journee 36
7   14
6   8
4   12
1   0
18   9
2   15
13   17
16   19
3   10
11   5

// Journee 37
19   17
6   18
10   14
1   11
13   16
2   7
5   4
8   12
9   0
15   3
