// Solution
// Instance Middle 11

// Journee 0
6   13
11   10
19   17
3   2
15   7
18   4
8   12
9   0
14   5
16   1

// Journee 1
7   6
13   10
15   16
3   18
9   19
2   14
0   11
12   17
1   8
5   4

// Journee 2
8   5
16   12
14   10
1   0
19   15
17   9
18   7
2   4
6   11
13   3

// Journee 3
4   10
12   0
9   8
1   18
11   13
17   7
6   2
15   5
16   19
14   3

// Journee 4
9   4
16   14
0   18
10   3
17   8
12   13
2   5
15   6
19   1
11   7

// Journee 5
5   9
14   0
12   11
3   1
17   15
16   6
19   10
18   2
8   13
7   4

// Journee 6
14   11
16   13
4   12
8   7
1   2
3   17
9   10
15   18
19   0
5   6

// Journee 7
6   12
0   16
4   14
18   9
2   17
11   19
7   3
10   8
13   5
15   1

// Journee 8
10   5
17   18
19   6
4   0
1   13
14   9
16   7
3   15
2   12
11   8

// Journee 9
11   4
12   3
18   19
14   8
0   7
6   1
16   5
10   15
13   17
9   2

// Journee 10
11   3
9   16
19   8
0   2
13   15
17   14
12   18
1   10
6   4
7   5

// Journee 11
5   12
4   13
8   18
3   16
11   15
14   19
6   0
2   7
9   1
10   17

// Journee 12
8   6
0   3
4   17
15   9
19   5
1   14
2   13
10   16
18   11
12   7

// Journee 13
5   11
17   16
0   15
1   4
13   18
14   7
19   2
8   3
9   12
10   6

// Journee 14
11   1
10   12
5   18
16   8
19   4
13   7
14   6
15   2
17   0
9   3

// Journee 15
13   0
6   17
4   16
15   14
18   10
3   5
7   1
11   9
8   2
12   19

// Journee 16
14   12
3   19
4   15
18   6
1   5
11   17
0   8
7   10
9   13
16   2

// Journee 17
15   12
9   7
10   2
18   14
0   5
13   19
11   16
6   3
17   1
4   8

// Journee 18
6   9
12   1
8   15
13   14
10   0
19   7
5   17
18   16
3   4
2   11

// Journee 19
14   1
6   8
7   13
9   18
17   12
2   15
19   11
0   10
5   3
16   4

// Journee 20
9   5
12   2
8   14
7   18
0   17
1   16
19   13
15   4
3   10
11   6

// Journee 21
15   0
6   14
16   11
18   13
7   19
4   3
8   1
10   9
17   2
12   5

// Journee 22
5   8
7   14
15   17
6   18
4   19
13   9
1   12
2   10
3   11
16   0

// Journee 23
8   16
13   2
0   1
14   15
17   5
11   18
12   6
4   7
3   9
10   19

// Journee 24
16   17
0   14
15   19
1   7
2   6
18   12
3   8
9   11
13   4
5   10

// Journee 25
10   4
13   1
8   9
14   16
6   19
12   15
17   3
7   2
18   0
11   5

// Journee 26
19   18
9   15
1   3
0   12
5   2
13   8
14   17
16   10
4   6
7   11

// Journee 27
1   19
5   13
6   15
7   8
16   18
0   4
11   12
2   3
17   10
9   14

// Journee 28
8   17
13   11
0   19
6   16
12   14
4   5
18   1
15   3
2   9
10   7

// Journee 29
7   15
5   16
13   12
17   6
4   2
11   14
19   3
8   0
10   18
1   9

// Journee 30
4   9
15   13
18   8
2   16
5   1
3   14
7   0
17   11
19   12
6   10

// Journee 31
7   16
15   11
2   1
3   0
5   19
12   9
17   4
14   18
13   6
8   10

// Journee 32
18   17
15   10
19   9
12   16
0   13
1   11
3   7
6   5
8   4
14   2

// Journee 33
7   9
1   17
5   15
14   13
10   11
19   16
4   18
0   6
3   12
2   8

// Journee 34
6   7
5   14
2   19
10   1
11   0
17   13
16   9
15   8
18   3
12   4

// Journee 35
9   17
4   11
2   18
1   15
8   19
5   0
10   14
13   16
3   6
7   12

// Journee 36
11   2
17   19
18   15
10   13
1   6
12   8
0   9
16   3
14   4
5   7

// Journee 37
9   6
12   10
2   0
7   17
19   14
16   15
4   1
18   5
3   13
8   11
